Car -1 -1 -7.8386 573.7153 180.5335 604.1904 210.4499 1.600817 1.630736 3.756388 -1.059514 1.350433 40.352654 -7.864806 0.99878925
Car -1 -1 -7.6728 448.2897 185.4650 514.0794 232.4418 1.535113 1.618597 3.881638 -4.437387 1.544774 25.459217 -7.845336 0.99858791
Car -1 -1 -7.2162 0.0000 189.0796 167.8104 336.7766 1.469294 1.680243 4.293924 -7.898172 1.532070 9.457926 -7.911962 0.99076754
Car -1 -1 -7.7497 488.4654 185.0979 526.7286 214.5232 1.422915 1.577390 3.434072 -5.074354 1.417377 36.504440 -7.887866 0.89243132
Car -1 -1 -7.3416 130.3416 183.9499 298.9821 266.9580 1.538072 1.610664 3.425313 -8.081016 1.514775 15.047886 -7.834427 0.85783273
Car -1 -1 -7.5324 238.7428 118.2949 472.0757 292.7426 2.546406 2.157512 6.263851 -4.334684 1.569723 13.639670 -7.840139 0.48389190
Pedestrian -1 -1 -7.7960 524.4963 179.3364 535.7317 208.3301 1.819502 0.663438 0.796032 -4.941396 1.450706 45.526081 -7.904084 0.24772319
Pedestrian -1 -1 -2.7750 523.0574 179.5145 539.0377 208.0104 1.812909 0.583943 0.868415 -4.947310 1.450356 46.127415 -2.881802 0.16303417
Pedestrian -1 -1 -3.0211 530.7621 179.5229 542.7305 206.0872 1.895251 0.580866 0.791238 -5.116146 1.489249 51.586304 -3.119933 0.13977213
Pedestrian -1 -1 -2.9878 531.5920 179.4514 543.2199 205.4117 1.864841 0.574201 0.757842 -5.103958 1.450925 51.946373 -3.085758 0.10521204
