Pedestrian -1 -1 -5.4248 802.9960 166.0551 818.5845 208.8243 1.698259 0.483773 0.360656 8.001894 1.427990 28.916969 -5.154792 0.43455738
Pedestrian -1 -1 -8.7835 784.2806 165.0274 798.5263 208.4705 1.702631 0.471362 0.330823 7.134761 1.395588 28.555820 -8.538709 0.35185602
Pedestrian -1 -1 -8.3017 801.4064 167.2975 818.6389 208.9843 1.668374 0.524759 0.455831 8.033863 1.445696 29.148092 -8.032705 0.24355893
Pedestrian -1 -1 -8.7483 784.7962 167.0847 800.2847 207.9737 1.614641 0.488593 0.376313 7.238874 1.386520 28.789843 -8.501930 0.19197716
Pedestrian -1 -1 -5.1836 779.3765 165.0813 796.1575 208.6179 1.696185 0.510881 0.407588 6.942613 1.393060 28.367958 -4.943623 0.14752279
Pedestrian -1 -1 -5.5308 798.8509 166.2961 813.4438 209.0389 1.687300 0.477547 0.321676 7.769677 1.428124 28.745663 -5.266855 0.13132878
Pedestrian -1 -1 -6.9194 799.6996 167.8786 817.8623 209.5142 1.680468 0.541091 0.488726 8.070611 1.479353 29.462660 -6.652003 0.11517683
Pedestrian -1 -1 -4.2216 780.5068 164.9203 799.2009 209.2770 1.704673 0.531824 0.503999 6.958111 1.399473 28.094648 -3.978851 0.10906485
Pedestrian -1 -1 -3.9587 800.2942 166.3539 814.8390 210.1454 1.713115 0.440025 0.340652 7.758765 1.458533 28.503067 -3.692942 0.10311641
Cyclist -1 -1 -8.3076 906.7028 137.2400 1013.7873 299.1592 1.851453 0.481390 1.759100 4.311601 1.443927 9.132870 -7.866551 0.89483666
Cyclist -1 -1 -8.0832 759.0742 163.0663 786.5765 219.8860 1.802358 0.495712 1.740767 5.297694 1.491586 23.760475 -7.863868 0.49626961
Cyclist -1 -1 -8.2725 900.2397 160.9798 949.3469 226.1430 1.662875 0.530013 1.755274 8.337049 1.359562 19.293072 -7.864657 0.11843887
