Car -1 -1 -7.9943 630.0970 180.7865 686.0154 221.4752 1.416500 1.594134 4.076838 1.745482 1.747386 28.030031 -7.932115 0.99935085
Car -1 -1 -2.4733 0.0000 166.5336 236.1536 338.3930 1.823500 1.703774 3.937344 -6.887469 1.756138 8.529377 -3.152627 0.99603647
Car -1 -1 -3.7564 860.0485 185.9111 1230.2324 309.5425 1.481729 1.657177 4.159482 5.731979 1.678316 9.870422 -3.230267 0.99326247
Car -1 -1 -7.0590 1008.8680 186.3250 1241.0000 356.7679 1.477418 1.587665 3.632142 6.224015 1.630996 7.321005 -6.354403 0.97599083
Car -1 -1 -6.8001 787.2107 185.6070 1049.9908 280.9243 1.493160 1.644057 3.941686 5.249243 1.735056 12.644568 -6.406583 0.97382903
Car -1 -1 -5.6832 0.0000 156.2950 320.4485 289.8747 1.897501 1.728922 4.311945 -7.048555 1.661980 11.195335 -6.245118 0.96609604
Car -1 -1 -2.9270 302.9182 181.5147 456.6910 231.7655 1.440916 1.597281 4.227325 -6.968454 1.716800 22.020048 -3.233533 0.94702357
Car -1 -1 -7.1653 1145.1909 183.1338 1241.0000 374.0000 1.541869 1.638333 3.891096 6.123055 1.623191 4.879069 -6.267302 0.72549945
Car -1 -1 -6.5294 773.8843 166.5472 994.6168 266.9392 1.920115 1.738410 3.936932 5.435140 1.799191 14.869514 -6.178974 0.54706013
Car -1 -1 -2.8231 331.4588 180.8785 473.4961 226.3289 1.444060 1.577871 4.282312 -6.911068 1.721547 24.105234 -3.102338 0.54101342
Cyclist -1 -1 -4.5262 464.5432 170.2058 497.7234 243.4490 1.795217 0.519914 1.806303 -3.350332 1.730010 18.590326 -4.704516 0.89230675
