Car -1 -1 -8.1631 755.5341 193.9338 988.2590 345.6233 1.361258 1.570341 3.387235 2.806972 1.663091 8.644256 -7.849109 0.99829763
Car -1 -1 -6.7176 826.7029 174.6267 1075.4089 265.5584 1.613500 1.673530 3.924821 6.270670 1.648893 13.681852 -6.287815 0.99209970
Car -1 -1 -2.7580 225.7680 182.5865 420.9846 253.1955 1.466106 1.589830 3.701659 -6.308939 1.692762 16.015497 -3.133261 0.98302704
Car -1 -1 -7.9004 637.6765 180.0244 669.0369 206.1381 1.425570 1.647035 4.199330 2.481266 1.870139 42.656807 -7.842322 0.97918487
Car -1 -1 -5.2857 0.0000 174.2403 283.4794 335.6766 1.625744 1.633056 3.720112 -6.070446 1.645079 8.755517 -5.891950 0.97490048
Car -1 -1 -5.5681 61.2509 174.2740 374.3490 292.9841 1.621606 1.671072 4.186015 -6.041328 1.645763 11.156707 -6.064365 0.94982141
Car -1 -1 -8.0389 763.0945 181.6231 846.7488 239.9847 1.427536 1.583088 3.609467 5.262601 1.693643 20.063669 -7.782349 0.92149192
Car -1 -1 -3.4470 728.2144 181.5251 864.1514 228.1781 1.487347 1.648741 4.124743 6.155104 1.790317 24.294399 -3.198903 0.90738773
Car -1 -1 -2.8544 326.4305 168.2121 475.6268 229.7249 1.948718 1.776793 4.396473 -6.839265 1.801365 23.761820 -3.134686 0.89911366
Car -1 -1 -5.4703 0.0000 186.3661 250.8463 374.0000 1.488140 1.630638 4.307329 -5.842669 1.628925 6.541030 -6.199334 0.88139242
Car -1 -1 -2.7093 129.2791 179.3216 361.4232 267.2236 1.530332 1.586543 3.549250 -6.757292 1.658944 13.533911 -3.172397 0.87854964
Car -1 -1 -2.8182 271.7368 176.8382 438.0746 247.1293 1.692572 1.654940 3.645839 -6.430992 1.798166 18.324108 -3.155717 0.78565711
Car -1 -1 -4.7718 716.7377 173.7408 773.5034 225.9556 1.804143 1.820203 4.752913 5.004252 1.840655 27.483406 -4.591664 0.28770277
Car -1 -1 -2.9728 442.6310 180.3575 522.3826 211.5674 1.517162 1.605452 3.733080 -6.405622 1.902616 36.280209 -3.147554 0.19022560
Pedestrian -1 -1 -7.8366 550.0679 175.3812 563.5781 208.9211 1.771713 0.708824 0.676110 -2.874657 1.907607 38.526203 -7.911085 0.25485820
Pedestrian -1 -1 -7.7238 549.4957 176.4888 564.2621 208.6917 1.727613 0.721574 0.647268 -2.915973 1.926161 39.129585 -7.798184 0.14462858
Pedestrian -1 -1 -6.5697 549.4546 175.2978 564.6179 208.8972 1.753357 0.663404 0.637097 -2.840380 1.883659 38.137241 -6.643992 0.13369392
Pedestrian -1 -1 -6.3158 0.0000 177.8264 77.9225 374.0000 1.618205 0.776519 0.662994 -3.944103 1.653441 4.646300 -7.019646 0.10054708
Cyclist -1 -1 -4.6674 551.8860 176.2721 562.6713 211.0293 1.818439 0.504543 1.701557 -2.865369 2.005896 38.776093 -4.741198 0.15908073
