Car -1 -1 -8.0604 704.6253 186.7181 818.1674 270.1545 1.472437 1.607830 3.429749 2.966545 1.794065 15.030273 -7.865552 0.99912459
Car -1 -1 -2.5186 0.0000 183.7225 306.8294 310.3394 1.561158 1.657404 3.932369 -6.553560 1.724590 9.961124 -3.100529 0.99064612
Car -1 -1 -5.4478 0.0000 185.1045 269.3596 352.7142 1.491975 1.658101 4.193038 -6.146020 1.643083 7.755195 -6.118001 0.98733437
Car -1 -1 -2.8804 289.9687 179.5616 449.3362 242.5589 1.611721 1.653683 3.807767 -6.473928 1.802274 19.594582 -3.199457 0.98181653
Car -1 -1 -7.9254 633.0590 162.5359 675.5438 206.9813 2.431319 2.076780 5.500020 2.476154 1.866582 42.233749 -7.866853 0.95970285
Car -1 -1 -3.1472 757.2242 188.7631 890.9097 239.1627 1.395659 1.593688 3.785325 6.444841 1.910542 22.079155 -2.863162 0.93072718
Car -1 -1 -5.5134 215.4732 176.4497 427.1420 270.8196 1.702601 1.678382 3.924151 -5.909237 1.782865 14.650056 -5.896841 0.91011924
Car -1 -1 -5.7924 123.4996 186.6101 396.9637 277.8701 1.465531 1.601966 4.076697 -6.098839 1.725226 12.746487 -6.238691 0.85063624
Car -1 -1 -3.1076 470.1991 175.8703 538.7461 203.2570 1.619348 1.686183 4.056243 -6.425596 1.807266 43.960976 -3.252784 0.63652271
Car -1 -1 -3.3558 694.9708 176.7713 799.5449 212.1376 1.551419 1.643032 4.409235 6.129782 1.733638 32.733200 -3.170670 0.29318964
Car -1 -1 -2.8870 445.0156 178.1393 523.4770 207.3987 1.478215 1.589303 3.764967 -6.582110 1.761299 37.740757 -3.059643 0.14531390
