Pedestrian -1 -1 -5.0917 742.7366 155.2700 781.8261 243.5097 1.754685 0.548867 0.722651 3.239202 1.233676 14.685320 -4.874619 0.63982683
Pedestrian -1 -1 -7.3029 924.5269 211.4090 1073.3890 373.0000 1.352300 0.569273 0.796308 2.682602 1.577912 4.955335 -6.806746 0.54860443
Pedestrian -1 -1 -4.6618 1110.9459 189.1140 1237.0000 373.0000 1.547045 0.667425 0.698031 3.104705 1.593338 3.813480 -3.978474 0.40881276
Pedestrian -1 -1 -5.0898 999.6525 210.7368 1120.8406 373.0000 1.352150 0.524656 0.571511 3.076320 1.567518 4.945448 -4.533371 0.38267627
Pedestrian -1 -1 -7.9245 97.7673 144.6279 257.7861 373.0000 1.732053 0.680365 0.764627 -2.350497 1.560381 3.868139 -8.470571 0.34976789
Pedestrian -1 -1 -5.8826 727.6502 147.9086 781.1408 243.1959 1.854139 0.527711 0.920230 3.035811 1.201095 14.456960 -5.675661 0.20293179
Pedestrian -1 -1 -4.5741 987.2870 207.9260 1110.3593 373.0000 1.395330 0.592116 0.690387 2.850386 1.584023 4.654396 -4.024596 0.14823045
Pedestrian -1 -1 -4.6938 1124.2437 187.2342 1237.0000 373.0000 1.550508 0.640164 0.761961 3.425619 1.588701 4.193113 -4.008831 0.10530318
Pedestrian -1 -1 -5.0269 1046.4248 207.2582 1197.7117 373.0000 1.403875 0.585302 0.691621 3.208761 1.583214 4.564065 -4.414116 0.10021272
Cyclist -1 -1 -3.3510 1025.6033 185.3556 1237.0000 373.0000 1.664610 0.670798 1.711699 3.185901 1.689403 3.779565 -2.650626 0.13356921
Cyclist -1 -1 -3.8733 35.5498 163.5534 364.4754 373.0000 1.693848 0.593731 1.741586 -2.274522 1.611067 4.264102 -4.363359 0.13068196
