Pedestrian -1 -1 -4.2981 354.4430 172.9494 413.2344 276.4918 1.699452 0.647892 0.923307 -3.748733 1.559738 12.286728 -4.594230 0.96429724
Pedestrian -1 -1 -8.6082 734.8716 165.1604 831.8935 339.6390 1.682207 0.593036 0.783484 1.813208 1.525382 7.412638 -8.368279 0.92151111
Pedestrian -1 -1 -5.0340 828.8444 161.6774 915.4452 328.6016 1.682853 0.620750 0.856720 2.816890 1.483716 7.679386 -4.682433 0.91423488
Pedestrian -1 -1 -4.7091 1097.7412 146.3724 1156.1117 295.7747 1.715839 0.551328 0.660697 6.292495 1.313097 8.679209 -4.081763 0.84520686
Pedestrian -1 -1 -3.8060 985.5490 151.3262 1058.5153 276.0867 1.764346 0.525322 0.754016 6.073597 1.338288 10.470871 -3.280336 0.79826915
Pedestrian -1 -1 -4.0750 394.0364 171.0201 435.3268 247.1973 1.743838 0.618648 0.746676 -4.425843 1.504483 16.905682 -4.331009 0.69682664
Pedestrian -1 -1 -3.9915 1171.9957 148.4220 1237.0000 289.8026 1.726891 0.479236 0.643407 7.650693 1.323540 9.058681 -3.290152 0.53475004
Pedestrian -1 -1 -4.0421 0.0000 185.9455 99.7059 346.1665 1.582193 0.587073 0.629509 -5.754307 1.630835 7.429246 -4.701123 0.49237189
Pedestrian -1 -1 -3.6204 0.0000 185.4218 86.3067 344.2545 1.601178 0.602213 0.584122 -6.033726 1.645770 7.650785 -4.288177 0.25710928
Pedestrian -1 -1 -7.7968 656.2786 166.7991 681.2000 241.1522 1.716568 0.553818 0.576645 1.551294 1.377719 16.910135 -7.705311 0.25559410
Pedestrian -1 -1 -3.7983 0.0000 171.9067 78.2175 331.8758 1.712321 0.601658 0.612966 -6.449081 1.610331 8.058135 -4.473221 0.17704600
Pedestrian -1 -1 -6.7310 672.8238 175.3244 711.0247 226.0270 1.444020 0.463310 0.996936 2.591572 1.268619 20.836637 -6.607255 0.14960027
Pedestrian -1 -1 -4.0192 0.0000 175.1011 62.2597 344.4555 1.726592 0.630054 0.719230 -6.402246 1.662058 7.683597 -4.713842 0.12335094
Cyclist -1 -1 -4.5598 427.8963 168.6947 469.5890 250.4066 1.775380 0.676015 1.801179 -3.524077 1.497719 16.526018 -4.769902 0.19319855
