Car -1 -1 -3.7792 895.7156 193.4496 1241.0000 313.8604 1.418091 1.688611 4.443372 6.378287 1.725770 9.810983 -3.202784 0.99908185
Car -1 -1 -3.4130 756.4111 170.6690 934.3210 236.7524 1.756193 1.738787 4.407917 6.397635 1.697825 20.124159 -3.105202 0.99659222
Car -1 -1 -6.7770 865.4969 178.6597 1148.0298 280.4235 1.610650 1.667417 3.923820 6.579937 1.716574 12.358946 -6.287809 0.99231404
Car -1 -1 -2.4054 0.0000 170.3046 202.4729 359.6672 1.661091 1.663899 3.889308 -6.519339 1.638427 7.165276 -3.143644 0.98340893
Car -1 -1 -2.9117 419.2200 168.7437 521.5581 212.2859 1.803677 1.706566 4.008912 -5.951798 1.633113 30.819820 -3.102445 0.97055298
Car -1 -1 -7.9763 646.9073 151.4964 715.4535 218.6477 2.474104 2.065207 5.752792 2.729988 1.686910 29.490236 -7.884002 0.90774769
Car -1 -1 -2.5947 370.6985 177.1451 488.5727 219.1080 1.400298 1.544619 3.817774 -6.443532 1.560278 25.647234 -2.840874 0.68869025
Car -1 -1 -2.5672 193.6413 173.2838 412.7589 247.3164 1.529048 1.640934 4.297129 -6.829218 1.539037 16.094431 -2.968468 0.28186750
Car -1 -1 -5.3648 0.0000 168.7579 39.0470 374.0000 1.629369 1.695300 4.250662 -6.724791 1.606580 4.864387 -6.309365 0.20779066
Car -1 -1 -8.0701 327.2454 179.9965 414.1423 241.1902 1.431522 1.518574 3.157159 -6.420080 1.636867 19.030371 -8.395423 0.13090201
Car -1 -1 -6.4785 621.6506 157.3677 720.7015 199.2086 2.537309 2.238016 5.856327 3.743713 1.597893 45.196426 -6.395815 0.11420856
Cyclist -1 -1 -2.5708 334.2861 165.8841 413.4476 236.6361 1.771088 0.654795 1.884981 -6.138021 1.596315 18.614058 -2.889320 0.15186028
