Car -1 -1 -4.3041 190.4098 198.5623 370.0422 297.3843 1.449301 1.620067 3.910462 -6.009455 2.002238 13.565073 -4.721115 0.99835521
Car -1 -1 -4.4697 393.3135 188.1790 465.3078 237.5902 1.465305 1.530249 3.599751 -6.046525 2.019686 24.315062 -4.713439 0.99531746
Car -1 -1 -4.1244 0.0000 208.8403 252.0539 374.0000 1.470407 1.635123 3.853742 -5.888218 1.980186 8.276440 -4.742754 0.99504733
Car -1 -1 -4.4333 319.2139 192.6421 422.4480 260.1259 1.440817 1.532611 3.662414 -6.001621 1.994818 18.353312 -4.749345 0.99160635
Car -1 -1 -3.4796 850.3409 148.5544 1019.7839 207.6584 1.583308 1.633132 4.030818 8.981968 0.932057 20.301016 -3.063097 0.97490126
Car -1 -1 -4.4741 449.3026 186.5496 503.3862 221.6155 1.380380 1.534805 3.562719 -5.840136 2.015364 31.647799 -4.656546 0.95495540
Car -1 -1 -8.0106 670.6862 175.1353 728.1523 218.0164 1.433041 1.530077 3.399259 3.112351 1.520482 26.023970 -7.891579 0.89380115
Car -1 -1 -3.5129 800.4984 153.1574 944.2083 198.8602 1.521449 1.650849 4.358968 8.931810 0.865448 24.903814 -3.168496 0.51365989
Car -1 -1 -7.9511 660.5846 174.0372 700.7222 212.8439 1.640703 1.471683 3.169502 3.065411 1.695789 32.188881 -7.856172 0.42377821
Car -1 -1 -8.5491 1158.8539 125.8308 1241.0000 179.1609 1.836400 1.675718 3.854697 22.620783 0.216877 26.778419 -7.847711 0.28513297
Car -1 -1 -7.0255 1220.9886 136.4193 1241.0000 185.3773 1.584011 1.606730 4.152041 23.218012 0.404885 24.194786 -6.260707 0.19950105
Car -1 -1 -7.0183 1212.7644 139.4438 1241.0000 183.6133 1.527286 1.579111 4.127138 24.229694 0.371734 25.778372 -6.263908 0.15075853
