Car -1 -1 -5.6569 524.6083 172.1642 621.6387 210.9395 1.449361 1.541834 3.630599 -1.317561 1.138022 28.067312 -5.703857 0.90600914
Car -1 -1 -7.1027 0.0000 207.6415 293.0471 369.0000 1.450776 1.573823 3.701230 -3.214892 1.656662 3.495375 -7.846282 0.88374507
Car -1 -1 -3.7932 0.0000 175.1394 64.0278 275.5798 1.572500 1.679967 4.070533 -12.731862 1.488960 13.208692 -4.560184 0.17292605
Car -1 -1 -4.6693 561.6967 177.4780 582.8704 196.9233 1.600713 1.626514 4.219000 -2.745614 1.351888 60.314762 -4.714806 0.15096055
Car -1 -1 -2.6520 0.0000 176.8346 71.0838 264.3185 1.590210 1.671881 4.371048 -13.740676 1.523953 14.254680 -3.418998 0.12739430
Pedestrian -1 -1 -8.6020 1051.5281 151.1475 1089.7920 223.3745 1.757268 0.540112 0.582087 11.499585 1.043455 17.534369 -8.021528 0.55105358
Pedestrian -1 -1 -3.7713 975.7814 152.0295 1010.1534 221.3605 1.817546 0.535215 0.602682 10.291999 1.071493 18.839964 -3.271306 0.20084687
Pedestrian -1 -1 -3.7757 1101.5995 146.9790 1145.4792 228.4877 1.798097 0.556852 0.575767 11.591316 1.058961 15.877081 -3.145099 0.14393732
Cyclist -1 -1 -2.3434 0.0000 169.3862 57.5218 254.2535 1.693857 0.779531 1.858898 -12.533852 1.472395 14.582037 -3.053390 0.23232625
Cyclist -1 -1 -4.3575 124.3052 183.3208 186.5743 265.6562 1.631472 0.556953 1.704082 -9.519656 1.695064 14.962645 -4.924156 0.22831209
Cyclist -1 -1 -4.0614 0.0000 169.6860 57.7020 259.5463 1.715097 0.572120 1.821671 -12.161453 1.509060 14.418849 -4.762091 0.11035932
