Car -1 -1 -8.1908 749.2297 187.4682 1040.0234 374.0000 1.459859 1.587267 3.928460 2.658508 1.659199 7.883455 -7.865510 0.99978405
Car -1 -1 -7.7259 467.9128 183.7336 542.4750 244.6133 1.513804 1.612438 3.947571 -2.944384 1.854575 20.635340 -7.867661 0.99967051
Car -1 -1 -7.4855 112.8581 197.2081 441.5603 374.0000 1.464209 1.656474 4.294181 -3.183466 1.801637 7.844964 -7.870994 0.99953520
Car -1 -1 -8.1174 702.2497 188.7651 846.9585 286.6230 1.421384 1.559856 3.784415 2.736131 1.751324 13.042359 -7.910644 0.99646240
Car -1 -1 -8.0809 670.9445 182.4887 759.8801 248.5428 1.487880 1.511146 3.379368 2.554397 1.758176 18.514097 -7.943786 0.99479181
Car -1 -1 -4.6299 520.2641 182.1897 564.4036 218.2187 1.435011 1.606653 4.141423 -2.970198 1.874284 31.894661 -4.722728 0.98686892
Car -1 -1 -7.9492 634.4971 179.1313 666.8573 206.3388 1.425090 1.480428 3.405000 2.198238 1.790657 40.323204 -7.894761 0.96298206
Car -1 -1 -8.0421 659.8672 172.4919 729.5236 230.4677 1.699842 1.580717 3.327917 2.559750 1.688925 22.874992 -7.930691 0.88567734
Car -1 -1 -4.6239 560.4398 178.2405 581.5849 196.9286 1.443738 1.415285 3.442307 -3.162174 1.893123 58.492233 -4.677952 0.22135304
Cyclist -1 -1 -4.0237 0.0000 148.6979 259.0258 374.0000 1.748709 0.628451 1.781929 -2.284573 1.678685 2.984146 -4.677087 0.16962425
Cyclist -1 -1 -5.4396 0.0000 181.1546 291.0132 374.0000 1.674601 0.732969 1.796777 -2.524040 1.717406 3.225806 -6.103525 0.13070224
