Car -1 -1 -7.9702 709.0460 162.8461 745.8623 195.6163 1.833403 1.692802 3.767477 7.123635 0.845834 41.483898 -7.800182 0.96591151
Pedestrian -1 -1 -5.5982 686.3933 164.0633 711.6044 208.3244 1.777416 0.569797 0.852987 3.812783 1.117581 28.899229 -5.467059 0.68303442
Pedestrian -1 -1 -4.1504 1014.5690 110.7099 1202.5990 369.0000 1.845621 0.673759 0.737764 3.076528 1.453335 4.433249 -3.543768 0.56961876
Pedestrian -1 -1 -8.7456 669.8566 161.4071 693.9661 207.8254 1.827073 0.561484 0.779513 3.049624 1.075786 28.304398 -8.638289 0.34902996
Pedestrian -1 -1 -5.0607 1083.4583 95.2038 1223.0000 369.0000 1.910971 0.672103 0.872215 3.494285 1.436074 4.459333 -4.396040 0.16057436
Pedestrian -1 -1 -4.0992 1012.5919 117.3698 1190.2666 369.0000 1.854707 0.616794 0.831563 3.267981 1.468584 4.763615 -3.497920 0.15958364
Pedestrian -1 -1 -6.1727 670.4734 161.4423 694.2100 207.2197 1.830528 0.522988 0.903961 3.106469 1.068683 28.626472 -6.064645 0.15924619
Pedestrian -1 -1 -6.2459 684.5400 166.3162 704.6496 209.9703 1.825399 0.502052 0.825766 3.762952 1.232514 29.879904 -6.120601 0.15520750
Pedestrian -1 -1 -4.0527 1031.8722 101.4390 1223.0000 369.0000 1.839088 0.646216 0.768383 2.978099 1.431361 4.066836 -3.420639 0.15181769
Pedestrian -1 -1 -5.2570 1115.6704 92.5725 1223.0000 369.0000 1.775572 0.764162 0.874536 2.897913 1.441844 3.189718 -4.519523 0.14861880
Pedestrian -1 -1 -3.1157 682.4687 166.1140 703.3140 209.4085 1.834842 0.498382 0.874006 3.740863 1.225363 30.276333 -2.992766 0.10711350
Pedestrian -1 -1 -5.4819 1061.0372 117.2735 1223.0000 369.0000 1.851248 0.669161 0.813922 3.921847 1.425247 5.214248 -4.837045 0.10005640
