Car -1 -1 -8.4093 465.6582 160.9051 729.8579 323.3219 1.917197 1.736764 4.613340 -0.499013 1.775850 10.910652 -8.455020 0.99889600
Car -1 -1 -8.1921 342.8054 194.1403 466.4992 266.5381 1.365204 1.585131 3.745621 -4.911221 1.917725 16.755575 -8.477249 0.99186182
Car -1 -1 -7.8878 741.3588 174.0618 805.3844 232.3030 1.402689 1.523342 3.334545 4.227892 1.437554 19.229218 -7.671367 0.99112076
Car -1 -1 -2.8291 404.2594 177.7974 502.9315 218.5027 1.773955 1.722474 4.045300 -7.098221 2.005336 32.758781 -3.042509 0.99015510
Car -1 -1 -4.8814 824.2141 173.7849 928.8589 236.9912 1.355104 1.672938 4.338003 6.365145 1.380735 17.817642 -4.538246 0.98112750
Car -1 -1 -8.0448 224.4216 190.6204 287.5248 230.7547 1.398831 1.557930 3.858747 -14.287420 2.160393 28.933380 -8.503528 0.96812928
Car -1 -1 -7.9819 207.0743 188.7156 259.0959 225.7760 1.507966 1.633041 3.845987 -17.399380 2.281358 33.151482 -8.465231 0.80754226
Car -1 -1 -7.8144 595.1390 158.8290 741.3821 316.5576 1.961230 1.836686 4.541340 0.943129 1.786540 11.337666 -7.731403 0.29171976
Car -1 -1 -4.5938 0.0000 192.3424 47.4144 227.7913 1.616219 1.656065 3.405297 -30.022638 2.661951 36.846928 -5.277487 0.21264687
Car -1 -1 -5.0530 0.0000 191.3060 35.5625 227.9390 1.653209 1.626826 3.597327 -30.336720 2.609278 35.789646 -5.756099 0.17886956
Car -1 -1 -4.0604 1202.1707 112.3315 1241.0000 332.6151 2.024401 1.918245 5.456764 9.701211 1.467901 7.629411 -3.156061 0.12405531
Pedestrian -1 -1 -6.0126 216.7582 189.8871 239.0546 227.5264 1.556924 0.461616 0.734831 -16.151243 2.282078 30.426252 -6.500650 0.11305413
