Car -1 -1 -8.0338 608.6673 179.4363 717.8225 261.8970 1.589455 1.675928 4.016337 1.036169 1.478213 15.947172 -7.968894 0.99997056
Car -1 -1 -7.6104 306.7717 188.6120 407.4600 251.3227 1.420741 1.588823 3.641169 -6.322967 1.516602 18.373272 -7.941844 0.99889648
Car -1 -1 -7.4607 152.1452 192.3958 339.6888 290.8758 1.372581 1.574737 3.460502 -5.889132 1.510859 12.053158 -7.915134 0.99863040
Car -1 -1 -7.8170 500.7514 181.0867 547.4121 224.6942 1.548888 1.633230 3.798670 -3.177910 1.402389 27.490221 -7.932102 0.99799478
Car -1 -1 -7.6880 365.0105 186.5570 429.4184 228.4224 1.415022 1.628007 4.079405 -7.724428 1.468681 26.553539 -7.971109 0.99778217
Car -1 -1 -7.2986 52.5032 164.5755 253.7604 257.4205 1.909169 1.905730 4.524327 -10.514180 1.484901 17.046556 -7.851264 0.97505331
Car -1 -1 -4.4259 309.8074 174.7761 376.8883 219.5794 2.017831 1.834009 4.512208 -12.686200 1.547814 34.685741 -4.776568 0.97314262
Car -1 -1 -7.7229 418.0409 185.9064 456.5756 213.1498 1.383075 1.553759 3.564409 -9.097877 1.421948 38.439964 -7.955259 0.90930283
Car -1 -1 -2.2535 0.0000 175.9681 147.6741 375.0000 1.852312 1.780365 5.016746 -6.598571 1.794409 5.414654 -3.137132 0.46776053
Car -1 -1 -4.7698 546.7079 183.6404 569.2253 202.4397 1.396694 1.523973 3.467319 -3.870185 1.279813 55.223671 -4.839764 0.11744270
Pedestrian -1 -1 -3.2406 272.5577 175.5317 287.6044 229.1671 1.756951 0.544337 0.402057 -10.932923 1.439888 23.884220 -3.669920 0.14397654
Pedestrian -1 -1 -7.9417 260.8569 175.6675 282.9755 229.7435 1.752411 0.619300 0.477572 -11.097886 1.443144 23.657589 -8.380350 0.12294498
Cyclist -1 -1 -7.4277 0.0000 161.6868 85.7529 375.0000 1.722296 0.551284 1.873183 -4.520174 1.585010 5.175460 -8.145617 0.13243984
