Car -1 -1 -2.5960 214.3004 193.3426 423.4142 269.4058 1.485075 1.673350 3.970296 -6.376729 1.967561 15.854008 -2.978411 0.99831909
Car -1 -1 -8.1209 673.4603 190.3823 762.5172 252.4908 1.456469 1.561812 3.288731 2.792433 1.974941 19.625597 -7.979549 0.99499559
Car -1 -1 -7.9879 643.7891 188.6011 695.3549 228.7139 1.424491 1.550756 3.954452 2.299488 2.106010 29.224133 -7.909368 0.99482912
Car -1 -1 -2.5084 0.0000 194.8172 240.1179 346.9227 1.536454 1.652809 3.868339 -6.752882 1.821025 8.454144 -3.182341 0.99455583
Car -1 -1 -2.5639 0.0000 193.2066 304.9911 308.4554 1.537802 1.618419 3.698710 -6.794672 1.864555 10.758780 -3.127145 0.97499973
Car -1 -1 -2.8584 286.5090 194.2631 444.4894 252.0613 1.507614 1.597758 3.930532 -6.849893 2.137283 20.351856 -3.183017 0.85973912
Car -1 -1 -8.8565 1033.5496 202.2460 1241.0000 374.0000 1.326101 1.642906 4.201382 6.595097 1.711830 7.234454 -8.117313 0.84164429
Car -1 -1 -5.9693 430.4352 191.1368 520.8135 225.5483 1.477201 1.552782 3.777478 -6.166864 2.340405 33.064831 -6.153697 0.58430380
Car -1 -1 -5.8413 352.9879 187.2308 476.3448 229.5455 1.471966 1.673573 4.155845 -7.342576 2.035321 27.098391 -6.105891 0.50454783
Car -1 -1 -2.9150 339.2309 190.5033 466.6471 239.8559 1.462807 1.566592 3.626099 -6.539308 2.043812 22.888884 -3.193331 0.32486537
Car -1 -1 -2.8093 438.5943 181.5359 527.6328 218.9901 1.865705 1.756937 4.241524 -6.636017 2.333490 37.700268 -2.983541 0.24852413
Car -1 -1 -3.7401 1041.9707 199.9141 1241.0000 352.4771 1.428596 1.506627 4.132252 7.382874 1.772585 8.150905 -3.004140 0.19635558
