Car -1 -1 -5.9580 0.0000 154.3888 215.3773 310.8371 1.889049 1.725613 4.421442 -8.172523 1.562374 10.239331 -6.631604 0.64256728
Pedestrian -1 -1 -3.3556 768.2111 166.0375 851.2097 320.9965 1.628011 0.582210 0.761862 2.210421 1.466261 7.860334 -3.081509 0.92490661
Pedestrian -1 -1 -6.7695 959.9813 164.4333 1002.2781 233.3059 1.746394 0.492762 0.825788 9.716203 1.314155 18.461878 -6.285028 0.52710366
Pedestrian -1 -1 -5.1857 1063.6509 117.3916 1237.0000 373.0000 1.851742 0.644905 0.737386 2.900277 1.552394 3.783479 -4.531723 0.34648946
Pedestrian -1 -1 -5.0855 1063.6824 125.8503 1237.0000 373.0000 1.837435 0.634701 0.690922 3.098310 1.548999 4.150242 -4.444221 0.20217535
Pedestrian -1 -1 -3.4406 1027.0277 164.8360 1144.1327 329.1895 1.609284 0.509344 0.887578 4.908401 1.446826 7.403322 -2.855184 0.19889712
Pedestrian -1 -1 -3.3965 1033.8969 164.0922 1159.1152 340.1810 1.623314 0.535895 0.898796 4.754532 1.463553 7.024660 -2.801446 0.17406532
Pedestrian -1 -1 -5.4813 1081.2157 92.2225 1237.0000 373.0000 1.823940 0.688330 0.795387 2.766521 1.467124 3.298339 -4.783325 0.15762229
Pedestrian -1 -1 -3.7218 1041.6013 134.5760 1218.6127 373.0000 1.807458 0.589217 0.700011 3.283338 1.528673 4.588029 -3.100665 0.12578450
Pedestrian -1 -1 -5.4355 1098.8407 87.9109 1237.0000 373.0000 1.789054 0.706419 0.839193 2.526653 1.479586 2.804532 -4.702153 0.11913132
Cyclist -1 -1 -8.4354 1021.8511 68.7531 1237.0000 373.0000 1.963633 0.698563 1.838186 2.816288 1.561862 3.512687 -7.759603 0.19394417
