Car -1 -1 -2.6679 75.5335 188.5770 360.1676 286.1486 1.482822 1.628474 3.875988 -6.455972 1.764326 12.085250 -3.158509 0.99217200
Car -1 -1 -6.9196 896.4814 183.3057 1238.6901 306.0269 1.498261 1.619125 3.772935 6.097139 1.656034 9.943382 -6.369557 0.98188996
Car -1 -1 -4.7841 635.5730 184.6436 670.9073 213.6039 1.404816 1.599422 3.874414 2.223538 2.065995 38.535152 -4.726501 0.97403389
Car -1 -1 -2.9958 257.7624 176.0089 430.3829 248.1643 1.747295 1.710978 4.015807 -6.839540 1.834729 18.823317 -3.344276 0.97325957
Car -1 -1 -6.8227 855.0615 185.5578 1127.6072 279.8381 1.458457 1.598377 3.851053 6.336167 1.691533 12.332669 -6.348075 0.95937157
Car -1 -1 -5.2286 0.0000 179.1166 251.0128 371.1988 1.542894 1.674816 4.503659 -6.173415 1.621325 7.485053 -5.918252 0.94601357
Car -1 -1 -6.6550 799.6417 186.2003 1001.6393 262.9521 1.507136 1.610420 3.622103 5.979990 1.804012 15.257887 -6.281475 0.93177557
Car -1 -1 -6.7198 715.4960 184.2905 854.2340 237.4262 1.589247 1.667753 4.032774 5.566247 1.978084 23.328794 -6.485532 0.92701769
Car -1 -1 -3.4570 748.3533 190.8110 902.5313 247.0023 1.471827 1.592035 3.850101 5.933385 1.998061 20.301483 -3.172651 0.91228408
Car -1 -1 -8.4601 828.8887 200.3736 1241.0000 374.0000 1.401397 1.621724 3.769742 2.779207 1.646604 4.511128 -7.907903 0.90881491
Car -1 -1 -6.0118 292.4766 172.6145 458.3879 236.9489 1.821027 1.731684 4.370186 -6.889011 1.813948 21.376865 -6.323532 0.89443177
Car -1 -1 -2.6980 157.4499 181.5858 388.3407 271.6254 1.661969 1.651360 3.816381 -6.619136 1.845316 14.328872 -3.130702 0.89053774
Car -1 -1 -2.5514 0.0000 183.6228 256.8951 312.2961 1.523409 1.606393 3.741776 -7.006053 1.679088 9.570498 -3.183337 0.74103159
Car -1 -1 -2.7420 442.0790 186.6886 523.3124 218.2452 1.421033 1.588409 3.503170 -6.137499 2.107934 34.676571 -2.917142 0.70816821
Car -1 -1 -5.9596 418.0204 185.8320 514.5834 219.5359 1.421326 1.538113 3.945239 -6.424848 2.018753 32.219681 -6.156437 0.56207490
Car -1 -1 -4.2295 0.0000 188.1837 285.9523 352.8928 1.457708 1.923208 4.303387 -5.871217 1.696750 9.033282 -4.805856 0.12461615
Pedestrian -1 -1 -7.8489 535.6373 176.9944 551.0773 216.6331 1.763004 0.686203 0.706672 -3.047543 1.951701 32.553780 -7.942231 0.20905761
Pedestrian -1 -1 -7.0971 62.3707 166.6754 93.0603 220.2902 1.725822 0.625312 0.510403 -17.391586 1.526637 23.516569 -7.733925 0.11189143
Pedestrian -1 -1 -7.4093 82.2197 168.7543 113.0462 220.9560 1.676362 0.634898 0.572644 -16.733618 1.544409 23.507818 -8.027906 0.10786644
Pedestrian -1 -1 -4.8865 537.9943 181.8046 553.7732 216.5443 1.641761 0.663586 0.580269 -3.122559 2.075899 34.654705 -4.976351 0.10726234
Cyclist -1 -1 -4.6166 536.2542 178.8643 550.8802 218.8685 1.791559 0.512580 1.754363 -3.113125 2.077250 33.455334 -4.709382 0.60683799
