Car -1 -1 -8.0381 712.0061 179.8669 843.4774 283.0108 1.512047 1.577095 3.404426 2.702696 1.650338 12.535595 -7.825798 0.99956256
Car -1 -1 -7.5983 368.2616 181.3502 479.7437 266.6500 1.799366 1.651274 4.067200 -4.449310 2.031142 17.668051 -7.845004 0.99952328
Car -1 -1 -7.4337 85.0716 215.2144 370.2831 374.0000 1.321078 1.599805 3.519719 -4.200541 1.924154 8.487556 -7.893273 0.99811041
Car -1 -1 -7.9441 657.5409 178.8303 707.5444 223.2172 1.569170 1.591120 3.460714 2.680613 1.812764 27.710518 -7.847691 0.99731016
Car -1 -1 -4.5448 472.5174 186.5459 523.8188 225.9327 1.549316 1.618921 3.720940 -4.868074 2.183345 31.555965 -4.697837 0.99573296
Car -1 -1 -4.6238 523.0891 185.2246 550.4617 208.6091 1.428788 1.491160 3.654324 -4.855653 2.280607 47.865101 -4.724892 0.82165295
Car -1 -1 -7.1813 47.2171 179.8621 191.4970 235.8410 1.434762 1.487150 3.655139 -14.047896 1.655197 20.845242 -7.774330 0.17589362
Pedestrian -1 -1 -5.2746 1064.9878 140.8068 1241.0000 374.0000 1.704992 0.680715 0.634914 2.340018 1.588347 2.970850 -4.607465 0.18901536
Pedestrian -1 -1 -4.6413 275.4711 186.2029 307.0150 274.7693 1.569859 0.495784 0.494532 -5.879445 1.819666 13.201913 -5.060276 0.13056214
Pedestrian -1 -1 -4.5948 577.2288 178.8109 587.8896 203.3329 1.793499 0.708725 0.720324 -2.055985 2.236818 53.347179 -4.633276 0.12996912
Pedestrian -1 -1 -4.6100 1112.9421 163.4379 1241.0000 374.0000 1.694298 0.647453 0.565947 2.766529 1.655076 3.411497 -3.928645 0.12503426
Cyclist -1 -1 -3.6273 1003.2836 156.9352 1241.0000 374.0000 1.758511 0.675165 1.785450 2.655448 1.703970 2.997952 -2.902457 0.10746464
