Car -1 -1 -8.3254 789.4327 176.0973 1166.1469 374.0000 1.472965 1.637044 4.098557 3.255426 1.515895 7.520587 -7.916896 0.99886310
Car -1 -1 -8.0592 705.5927 170.5535 811.5154 247.2070 1.500403 1.580555 3.415070 3.084332 1.455074 15.840864 -7.866899 0.99880946
Car -1 -1 -4.4450 381.0184 177.6873 460.9759 233.0183 1.544268 1.529471 3.386034 -5.754392 1.703670 22.138226 -4.699293 0.99364293
Car -1 -1 -4.5106 428.1410 178.2527 489.5901 220.1214 1.438320 1.538880 3.763595 -5.653796 1.655318 27.157520 -4.715889 0.99224263
Car -1 -1 -4.0087 0.0000 204.5521 249.5578 374.0000 1.430753 1.660361 4.312620 -5.594227 1.839979 7.135113 -4.673645 0.99139929
Car -1 -1 -8.1491 679.9185 169.8931 766.0684 227.2096 1.557051 1.600205 3.335959 3.205560 1.476315 21.367918 -8.000166 0.95858312
Car -1 -1 -7.6887 1122.9928 176.6513 1241.0000 374.0000 1.506837 1.636483 3.954612 4.569402 1.535681 3.829278 -6.815420 0.19158012
Car -1 -1 -7.8015 680.3598 172.9940 724.6318 211.7819 1.449929 1.580552 3.294945 3.685905 1.455550 28.746840 -7.673972 0.17194660
Cyclist -1 -1 -7.3910 1111.4158 143.9706 1241.0000 374.0000 1.752840 0.788215 1.842695 3.311883 1.645740 3.336502 -6.609339 0.18219425
Cyclist -1 -1 -4.0586 1102.7490 141.0303 1241.0000 374.0000 1.784392 0.763527 1.825128 2.988659 1.681744 2.788885 -3.238603 0.11116669
