Car -1 -1 -7.8596 571.4117 177.8439 653.3032 255.6120 1.552721 1.635429 3.791068 0.033486 1.405694 16.251116 -7.857508 0.99953961
Car -1 -1 -7.5549 306.1911 189.4926 441.5310 268.8578 1.396745 1.616296 3.595111 -4.648401 1.494796 14.649659 -7.862132 0.99914312
Car -1 -1 -7.6497 428.4007 181.7648 504.0761 231.9720 1.466379 1.609548 3.890363 -4.461388 1.365749 22.950228 -7.841724 0.99811530
Car -1 -1 -7.4348 223.3802 182.3168 359.6537 247.3749 1.534767 1.721382 4.227893 -8.243287 1.466538 19.081959 -7.842577 0.99772292
Car -1 -1 -7.2481 40.9537 186.1371 203.6036 245.9759 1.417694 1.635328 3.892521 -12.696551 1.444786 19.052160 -7.835913 0.99589843
Car -1 -1 -3.9167 0.0000 182.6608 44.2757 301.2017 1.616660 1.738817 4.406882 -12.077214 1.581974 12.013770 -4.704751 0.39854988
Car -1 -1 -5.4881 0.0000 166.2625 62.3691 282.7434 2.048231 1.933347 5.507693 -13.863009 1.715111 13.608409 -6.282758 0.32958737
Car -1 -1 -7.7166 472.5032 157.2551 541.0312 217.1086 2.372102 2.154415 6.033332 -4.321048 1.264129 31.507425 -7.852883 0.17843910
Car -1 -1 -7.1653 1121.0931 95.8208 1240.0000 349.9250 2.630633 2.137753 6.532591 10.068272 1.705323 8.563594 -6.299366 0.13267718
Car -1 -1 -2.3579 0.0000 165.6283 59.5848 260.1931 2.257432 2.092588 5.852721 -17.670544 1.790002 18.248671 -3.127201 0.12769747
Car -1 -1 -3.9708 0.0000 177.8109 39.5654 270.7318 1.788731 1.781712 4.763024 -15.616868 1.646345 16.240400 -4.736617 0.11840627
Car -1 -1 -4.5001 385.8415 183.7190 441.8174 222.0784 1.565525 1.588903 3.781739 -8.398302 1.504598 31.266300 -4.762560 0.11328600
Car -1 -1 -2.3020 0.0000 129.9686 77.9577 322.0330 2.436216 2.157635 6.062047 -11.399929 1.735598 10.200881 -3.142855 0.10102360
Cyclist -1 -1 -1.8616 0.0000 172.9119 36.4958 266.9349 1.706060 0.657497 1.801435 -11.792119 1.482964 13.808407 -2.568421 0.12208501
Cyclist -1 -1 -2.1134 0.0000 172.9368 32.0029 270.1654 1.716948 0.668076 1.822550 -11.699605 1.500274 13.287466 -2.835290 0.10019915
