Car -1 -1 -8.0039 677.9720 170.3774 770.4464 248.3887 1.644399 1.633577 3.266601 2.509770 1.591896 16.844259 -7.856038 0.99954224
Car -1 -1 -4.4504 377.1565 182.3127 469.6513 246.7467 1.583094 1.586667 3.699930 -5.138484 1.871092 20.132950 -4.700291 0.99843162
Car -1 -1 -4.5692 475.7046 181.2563 522.9285 214.0855 1.488896 1.720827 4.408520 -5.500404 1.934341 36.066792 -4.720539 0.99628299
Car -1 -1 -4.0764 0.0000 183.6311 299.6549 374.0000 1.641371 1.689473 4.257564 -4.476958 1.764877 6.154284 -4.705325 0.98946112
Car -1 -1 -7.7436 629.7982 175.7602 656.0555 195.9028 1.466009 1.624235 3.476897 2.505175 1.694217 54.890057 -7.697998 0.91853368
Pedestrian -1 -1 -7.8366 548.8640 172.7579 562.2030 209.2148 1.825005 0.661088 0.796408 -2.794036 1.819896 36.536705 -7.912948 0.25116867
Pedestrian -1 -1 -7.8769 533.6508 174.7443 547.1168 207.9135 1.659927 0.662499 0.650740 -3.565389 1.756233 36.512897 -7.974197 0.24359973
Pedestrian -1 -1 -7.7544 548.8049 172.9294 563.6708 207.8518 1.776967 0.696236 0.704161 -2.798558 1.780581 37.076267 -7.829723 0.15318020
Pedestrian -1 -1 -4.9678 532.5740 176.2459 549.1195 209.9738 1.656301 0.675661 0.656717 -3.487269 1.826963 35.943264 -5.064558 0.15037557
Pedestrian -1 -1 -7.9748 545.9111 174.2130 561.9644 211.0139 1.811273 0.706773 0.795425 -2.841390 1.879658 36.006641 -8.053506 0.11235787
Cyclist -1 -1 -4.6214 548.5342 174.2767 563.4559 209.3867 1.742390 0.593072 1.889228 -2.786829 1.816589 36.833462 -4.696945 0.39744440
