Car -1 -1 -4.6491 463.0550 178.5430 511.5077 218.8924 1.474484 1.675246 3.826836 -4.896136 1.717887 28.918591 -4.816781 0.99741107
Car -1 -1 -5.0277 647.9165 165.9260 724.8906 212.8433 1.690860 1.727682 4.316835 2.848787 1.440881 28.296600 -4.927361 0.99187285
Car -1 -1 -2.6045 0.0000 187.7413 203.5464 281.1835 1.588522 1.643291 3.606248 -9.973845 1.888755 13.573997 -3.238231 0.97711974
Car -1 -1 -4.6450 485.0754 177.4439 523.3563 207.7819 1.445300 1.669595 4.312844 -5.443141 1.696099 37.258739 -4.790025 0.95214504
Car -1 -1 -4.0681 1120.3068 130.9766 1241.0000 374.0000 1.757355 1.769299 4.758534 6.356464 1.528922 4.827765 -3.146821 0.13419263
Car -1 -1 -7.8201 569.8919 174.0841 590.7399 192.7217 1.513047 1.623984 4.011505 -2.499442 1.619916 60.853115 -7.861139 0.10694873
Car -1 -1 -4.5622 486.8345 174.8288 526.9579 205.1170 1.650806 1.674978 4.298914 -5.944999 1.770718 41.764297 -4.703552 0.10295102
Pedestrian -1 -1 -7.8042 1227.5166 164.8269 1241.0000 304.7349 1.730561 0.753195 0.671800 8.541666 1.630972 9.428724 -7.068097 0.14061972
Pedestrian -1 -1 -4.4517 1227.7148 161.9543 1241.0000 237.0292 1.739463 0.636217 0.546210 15.117667 1.486621 17.133934 -3.728755 0.11610935
Pedestrian -1 -1 -7.9107 1237.7728 164.4500 1241.0000 307.8378 1.694865 0.815007 0.717889 8.383092 1.595229 9.064876 -7.164350 0.10687563
Cyclist -1 -1 -8.4762 1177.9714 150.8967 1241.0000 374.0000 1.689582 0.598748 1.690912 4.266135 1.582283 4.396457 -7.705860 0.17987593
Cyclist -1 -1 -5.3768 1203.1232 164.8751 1241.0000 321.2420 1.763722 0.599180 1.745033 8.331760 1.673425 9.032310 -4.631745 0.12715097
Cyclist -1 -1 -4.0822 1146.7997 155.0312 1241.0000 374.0000 1.698979 0.736760 1.862154 4.904072 1.584408 5.155447 -3.321803 0.11076134
