Car -1 -1 -7.3248 0.0000 191.2359 375.8878 369.0000 1.497151 1.560114 3.528915 -3.195317 1.607970 5.503795 -7.850816 0.99755341
Car -1 -1 -4.6902 456.7712 170.6348 484.2701 193.8865 1.432152 1.657820 4.209993 -8.666085 0.824599 45.762043 -4.877365 0.98993111
Car -1 -1 -6.9407 1164.4216 150.5480 1223.0000 204.9720 1.553137 1.640667 4.131741 19.491783 0.698675 21.173450 -6.196634 0.44195744
Car -1 -1 -3.9414 0.0000 194.2938 102.4853 369.0000 1.543376 1.518670 3.843887 -5.965880 1.688390 5.447817 -4.772174 0.24121992
Pedestrian -1 -1 -6.5279 681.2256 154.8654 753.5852 263.9556 1.824130 0.619406 1.112055 1.874656 1.395864 12.182261 -6.375170 0.87211490
Pedestrian -1 -1 -7.5440 401.2734 151.8228 471.2984 285.9380 1.818634 0.709246 0.987576 -2.439975 1.430164 10.106116 -7.780931 0.76714027
Pedestrian -1 -1 -7.0861 54.7216 172.3980 114.3817 266.5784 1.717019 0.713351 0.554155 -9.762932 1.569678 13.211783 -7.722497 0.20939851
Pedestrian -1 -1 -7.1497 46.6952 171.7843 111.2270 268.3420 1.708762 0.700250 0.629949 -9.594118 1.554894 12.848845 -7.791129 0.14678624
Pedestrian -1 -1 -7.1894 60.5967 174.1501 119.9846 262.7009 1.659693 0.684588 0.622064 -9.916309 1.541042 13.574493 -7.820282 0.14000839
Pedestrian -1 -1 -5.6009 394.4202 166.4074 444.8037 265.5523 1.775060 0.547630 0.714745 -3.467132 1.523121 13.055126 -5.860444 0.13124172
Pedestrian -1 -1 -5.3803 1003.2019 146.6765 1038.0195 214.3724 1.848006 0.569489 0.623577 11.504378 0.924977 19.649551 -4.850667 0.12475193
Pedestrian -1 -1 -5.6047 417.9384 154.0683 492.2035 277.5336 1.803922 0.533219 0.993321 -2.338230 1.418127 10.791595 -5.818033 0.12236151
Pedestrian -1 -1 -8.3762 955.0901 147.1586 989.2923 209.9902 1.806780 0.607117 0.724492 10.707703 0.848316 20.707369 -7.898969 0.10853444
Cyclist -1 -1 -8.2399 950.9606 149.4464 995.8696 211.7330 1.749727 0.557816 1.716598 10.742317 0.877685 20.742413 -7.762026 0.73355001
Cyclist -1 -1 -6.4673 350.4726 154.8015 469.9071 268.2198 1.807239 0.684672 1.856630 -3.342067 1.398134 11.982522 -6.739259 0.63771331
Cyclist -1 -1 -4.1771 20.5822 173.4141 111.9021 274.5287 1.700977 0.540538 1.658990 -9.707651 1.582155 12.749301 -4.827914 0.18929335
Cyclist -1 -1 -6.8995 938.5099 148.6583 1002.3743 211.4785 1.800524 0.506438 1.670955 10.620455 0.888190 20.633221 -6.424144 0.14306495
