Car -1 -1 -6.7230 818.1666 180.8707 1110.5973 278.5924 1.470788 1.650327 3.979956 5.584385 1.611055 11.823566 -6.281759 0.99943453
Car -1 -1 -7.9564 645.6702 181.3848 699.6486 222.5639 1.352688 1.573981 3.731532 2.174090 1.686312 26.362331 -7.874086 0.99877483
Car -1 -1 -5.9511 283.2392 182.7083 466.3385 239.2410 1.454437 1.674592 4.463656 -6.387659 1.735894 19.750267 -6.263907 0.99562484
Car -1 -1 -2.3829 0.0000 166.2245 184.5957 374.0000 1.857072 1.720667 4.142884 -6.565477 1.803929 6.653072 -3.161666 0.94690341
Car -1 -1 -2.4703 0.0000 181.9712 269.4576 324.1276 1.584500 1.633059 3.834722 -6.624016 1.709790 9.047955 -3.102284 0.93943977
Car -1 -1 -6.0776 375.6552 172.0302 500.5558 222.1367 1.808319 1.712724 4.279380 -6.387926 1.778289 26.953901 -6.310259 0.90110153
Car -1 -1 -2.5380 65.1040 188.4621 343.2735 292.4702 1.490780 1.589567 3.641750 -6.458089 1.762197 11.596295 -3.046129 0.81396508
Car -1 -1 -4.6840 551.2830 177.1455 574.6071 199.5175 1.506916 1.550458 3.532703 -3.333325 1.821109 51.082615 -4.749165 0.52506858
Car -1 -1 -2.9133 359.3504 178.6540 479.8685 229.5359 1.540987 1.612899 3.422824 -6.019972 1.731661 22.902454 -3.170335 0.31441903
Car -1 -1 -7.9405 623.5151 175.2648 648.5970 196.0684 1.514860 1.563939 4.027965 1.925795 1.705405 55.067429 -7.905548 0.10930143
