Car -1 -1 -5.4926 1212.4636 192.7684 1223.0000 233.1871 1.523893 1.544163 4.002808 28.190933 2.077983 29.902571 -4.736661 0.10567882
Pedestrian -1 -1 -8.4204 864.9711 144.4616 988.6519 369.0000 1.737208 0.572724 0.818998 2.565416 1.463258 5.831449 -8.005988 0.90771282
Pedestrian -1 -1 -4.6074 523.2351 130.2365 604.1677 350.1636 1.879982 0.658062 0.899641 -0.411411 1.450752 6.507181 -4.670587 0.86946219
Pedestrian -1 -1 -8.5394 1074.1807 141.7137 1223.0000 369.0000 1.648129 0.555067 0.700918 3.896577 1.384209 5.180596 -7.894495 0.80672109
Pedestrian -1 -1 -5.4787 586.1151 141.7405 691.3237 334.1448 1.872907 0.641677 0.925014 0.289999 1.496038 7.441367 -5.439722 0.72402060
Pedestrian -1 -1 -4.7076 708.3382 134.3532 769.4627 303.7369 1.817719 0.649419 1.067831 1.489141 1.322918 8.172157 -4.527307 0.61024094
Pedestrian -1 -1 -2.5058 636.7880 135.9995 749.4123 316.4407 1.838972 0.656415 1.047244 0.908344 1.385865 7.803250 -2.389919 0.52259904
Pedestrian -1 -1 -4.1334 742.8420 133.7370 849.0543 306.6778 1.794414 0.705431 1.031635 2.097153 1.309627 7.943626 -3.875294 0.47919792
Pedestrian -1 -1 -6.4552 773.0536 132.2717 932.2758 369.0000 1.834570 0.567810 1.154374 1.946455 1.461825 5.837907 -6.133339 0.42716500
Pedestrian -1 -1 -4.9355 1194.9572 136.3118 1223.0000 369.0000 1.712205 0.584458 0.649821 4.750068 1.412965 5.221897 -4.197390 0.35675564
Pedestrian -1 -1 -5.0997 685.3367 139.1302 728.1601 243.5456 1.793411 0.585747 0.540142 1.741393 1.083229 12.477933 -4.961032 0.23693934
Pedestrian -1 -1 -4.7578 519.6807 142.2251 556.2094 247.3395 1.823904 0.617406 0.655473 -1.254011 1.160147 12.637168 -4.856696 0.14836077
Pedestrian -1 -1 -5.0188 1211.1152 138.7999 1223.0000 369.0000 1.703897 0.614228 0.675499 5.086381 1.411047 5.410407 -4.264215 0.14214425
Pedestrian -1 -1 -4.8162 587.7163 142.4419 629.9982 254.0498 1.866426 0.654540 0.731396 0.007965 1.230356 12.221493 -4.815572 0.12934476
