Car -1 -1 -7.6223 385.0908 181.4878 477.6883 239.1242 1.421407 1.600951 3.893343 -4.750165 1.329628 19.678944 -7.859173 0.99961287
Car -1 -1 -7.4338 161.5683 187.7757 397.7626 318.5507 1.461307 1.577828 3.614136 -4.287775 1.503262 9.920301 -7.841811 0.99939394
Car -1 -1 -7.2545 0.0000 158.8904 142.9446 265.4236 1.884887 1.869410 4.656348 -12.121652 1.419271 15.111508 -7.930518 0.99717355
Car -1 -1 -7.7104 464.1063 178.9594 516.5006 217.5644 1.456697 1.582339 3.604493 -4.702850 1.220783 28.940708 -7.871534 0.99435294
Car -1 -1 -7.8460 574.4066 175.2878 609.1989 207.1280 1.504163 1.643873 4.034511 -0.819983 1.035315 35.988663 -7.868776 0.99219924
Car -1 -1 -7.6347 335.8354 179.2294 403.8409 222.4075 1.479398 1.630478 3.619164 -8.727695 1.274451 26.511110 -7.952718 0.84349251
Car -1 -1 -4.1914 129.2220 164.6764 208.6323 201.4293 2.301187 2.078904 5.414839 -29.019154 1.015328 47.742081 -4.737591 0.64418685
Car -1 -1 -7.5927 204.4169 178.3420 320.9498 253.6993 1.652081 1.679324 3.700435 -8.400862 1.501545 17.730967 -8.035196 0.57028162
Car -1 -1 -3.8114 0.0000 161.6707 37.9845 375.0000 1.818399 1.779876 4.663012 -8.717984 1.653298 7.406258 -4.678005 0.19035339
Car -1 -1 -3.9391 0.0000 155.1793 67.7160 295.6863 1.909051 1.903785 4.828739 -11.965634 1.501108 12.184236 -4.715407 0.14680429
Pedestrian -1 -1 -3.7843 0.0000 173.5070 37.1942 305.3214 1.613434 0.611927 0.705450 -7.960722 1.470274 9.208866 -4.497177 0.15119201
Pedestrian -1 -1 -6.9164 0.0000 160.2681 42.8613 337.4582 1.667792 0.624997 0.737278 -6.324517 1.433131 7.193319 -7.637626 0.14555599
Pedestrian -1 -1 -6.6939 0.0000 174.7957 46.0938 301.1956 1.612853 0.595355 0.692196 -8.127328 1.480052 9.614631 -7.395685 0.11781022
Pedestrian -1 -1 -6.8025 0.0000 156.1584 51.4979 347.6625 1.695350 0.627270 0.748314 -5.948069 1.438268 6.820238 -7.519740 0.10752147
Cyclist -1 -1 -1.8033 0.0000 164.7253 44.8119 318.2035 1.757107 0.691082 1.794717 -7.871932 1.522679 9.033274 -2.520147 0.21853751
Cyclist -1 -1 -1.8084 0.0000 154.7466 66.7968 346.7995 1.745530 0.612941 1.733008 -6.229848 1.468760 7.289583 -2.515601 0.10465543
