Car -1 -1 -6.7754 796.8999 153.5970 1177.5841 285.4958 1.492494 1.621747 3.937284 4.472663 1.274292 9.039440 -6.315945 0.99926466
Car -1 -1 -6.4501 686.9073 153.5251 832.7490 212.2268 1.549774 1.596512 3.718570 3.996820 1.039175 19.905235 -6.251903 0.99320811
Car -1 -1 -5.6334 0.0000 147.1301 237.0543 263.8651 1.533301 1.646448 4.349387 -7.992584 1.195121 10.320435 -6.292350 0.97430611
Car -1 -1 -2.7279 248.2369 152.6875 405.8093 208.3285 1.525867 1.600005 3.887299 -8.076046 0.972533 20.666338 -3.100436 0.96902317
Car -1 -1 -2.3063 89.5469 152.0335 307.4145 242.7321 1.484513 1.544466 3.400424 -7.478270 1.143433 13.071643 -2.825970 0.94484818
Car -1 -1 -5.6327 122.5047 156.3040 360.1751 228.9712 1.467957 1.637423 4.575281 -8.053700 1.133329 15.788370 -6.104387 0.41270244
Car -1 -1 -4.4804 459.3236 151.9565 494.8512 176.6554 1.908249 1.798298 4.627909 -10.673845 0.293398 58.102684 -4.662042 0.34435090
Car -1 -1 -3.9136 0.0000 175.6981 105.1852 223.9868 1.510277 1.457559 3.722045 -19.540638 1.615122 24.735163 -4.582237 0.14593916
Car -1 -1 -2.6888 268.9342 134.1672 434.4064 203.1602 2.347074 1.956213 5.246079 -9.207286 1.030687 25.806250 -3.031553 0.14351116
Car -1 -1 -7.6334 334.6351 129.2021 426.7712 202.2368 2.424616 2.079745 5.543863 -8.381306 0.975154 26.801908 -7.936511 0.10901920
