Car -1 -1 -8.0976 700.7038 169.2025 851.9899 287.4069 1.757977 1.613687 4.034721 2.682955 1.703372 12.776553 -7.890656 0.99995291
Car -1 -1 -2.4245 0.0000 183.8778 216.4694 346.6974 1.501379 1.620184 3.801442 -6.535628 1.629527 7.585942 -3.135669 0.99265361
Car -1 -1 -8.0141 661.9783 179.6737 725.2082 228.8504 1.471552 1.526902 3.448822 2.640518 1.713212 23.839640 -7.903818 0.98964745
Car -1 -1 -5.4881 18.5653 187.0570 347.1550 308.1339 1.443791 1.617245 4.069630 -6.045424 1.670300 10.216348 -6.022402 0.97246349
Car -1 -1 -2.6917 105.2442 187.8599 372.0863 284.2577 1.499697 1.599722 3.728857 -6.240814 1.772993 12.320355 -3.160581 0.97128975
Car -1 -1 -7.9350 644.1747 178.0419 680.7503 208.1394 1.401651 1.525155 3.600101 2.534414 1.673436 36.033752 -7.864756 0.97016162
Car -1 -1 -5.9530 263.7675 167.8139 468.6260 241.1663 1.891686 1.788377 4.938419 -6.522061 1.761408 19.521021 -6.275445 0.95172513
Car -1 -1 -8.0854 679.2448 180.6774 768.3540 246.6549 1.481535 1.492648 3.298460 2.739476 1.698277 18.312027 -7.936878 0.88914770
Car -1 -1 -7.9120 631.4030 176.0942 660.6542 201.6824 1.572947 1.650616 4.260696 2.272090 1.793464 47.033958 -7.863770 0.86880285
Car -1 -1 -2.9282 241.3221 175.0924 419.8274 256.2805 1.763403 1.659447 3.609611 -6.432444 1.818690 16.825144 -3.293391 0.81970191
Car -1 -1 -6.0736 421.7966 178.6873 518.3556 211.1037 1.476352 1.621718 4.224733 -6.586318 1.757923 34.016258 -6.264906 0.79508078
Car -1 -1 -2.6854 369.0756 174.5134 491.6048 223.1064 1.649517 1.680115 3.913495 -6.438067 1.711408 25.809629 -2.929902 0.52787888
Car -1 -1 -2.7651 183.3345 183.9785 385.1982 267.5290 1.557673 1.620561 3.354102 -6.507150 1.795609 14.569559 -3.185168 0.48963860
Car -1 -1 -2.6496 319.2075 168.4010 470.7798 234.4635 1.903933 1.721374 4.114714 -6.574478 1.775297 22.051302 -2.939326 0.29354173
