Car -1 -1 -8.1583 747.1850 170.4079 1017.6303 360.4004 1.678463 1.651545 4.067865 2.737803 1.656553 8.416540 -7.843827 0.99992228
Car -1 -1 -8.0776 694.8831 183.0579 820.7454 270.0443 1.446929 1.590043 3.899778 2.738097 1.678852 14.443432 -7.890289 0.99958676
Car -1 -1 -8.0172 662.8784 174.6550 728.8773 229.4924 1.651257 1.592911 3.396092 2.682573 1.714140 23.576525 -7.903865 0.99896514
Car -1 -1 -2.5262 0.0000 185.3214 287.8762 336.8414 1.606688 1.678390 3.983385 -6.288419 1.770929 8.657984 -3.154410 0.99790871
Car -1 -1 -5.4614 0.0000 189.1593 180.0910 374.0000 1.537218 1.625121 3.788012 -6.149552 1.698682 6.260711 -6.237817 0.95892632
Car -1 -1 -7.9351 645.5633 178.0425 681.3599 208.1242 1.448572 1.549296 3.475003 2.665851 1.727543 37.091881 -7.863319 0.89952976
Car -1 -1 -2.9470 430.4489 179.6808 527.1365 214.6570 1.561841 1.668887 4.163092 -6.065812 1.885965 33.423473 -3.126525 0.82235456
Car -1 -1 -6.0760 337.9669 182.0733 477.9335 236.3970 1.540449 1.637392 3.800994 -6.039442 1.829640 21.717884 -6.347275 0.48320138
Car -1 -1 -2.6052 38.0470 191.6145 330.1393 297.1583 1.460569 1.567459 3.562922 -6.435266 1.768954 11.070993 -3.131784 0.29227379
Car -1 -1 -5.9010 360.5812 176.1467 491.7441 227.7502 1.695086 1.670903 4.063725 -6.350116 1.813598 24.938541 -6.150320 0.23074464
Car -1 -1 -6.5406 706.9756 180.2808 954.7275 270.2394 1.525400 1.624640 4.059671 3.850626 1.670289 13.241605 -6.257567 0.19914183
