Car -1 -1 -7.9772 657.5562 183.2362 724.8323 233.4814 1.374628 1.597023 3.856547 2.392472 1.725796 22.484327 -7.871226 0.99926335
Car -1 -1 -6.8573 917.3994 186.4631 1241.0000 336.2045 1.437929 1.639749 4.090765 5.751713 1.606091 8.013607 -6.234722 0.99848783
Car -1 -1 -5.9053 206.9779 185.7139 436.5520 256.6975 1.476906 1.700433 4.469206 -6.380298 1.780177 16.177507 -6.280979 0.99687421
Car -1 -1 -2.4711 0.0000 196.5327 249.9353 347.0552 1.441413 1.573906 3.698787 -6.266445 1.728062 7.951378 -3.138570 0.97372150
Car -1 -1 -2.8510 297.8141 180.4865 462.2669 242.5907 1.536126 1.623572 3.797283 -5.976845 1.744607 18.895458 -3.157349 0.87951994
Car -1 -1 -4.6461 554.1448 178.8034 580.6077 202.2283 1.455407 1.520694 3.274677 -2.797939 1.858721 47.306953 -4.705194 0.85633534
Car -1 -1 -7.9298 631.5554 176.2791 657.9443 199.7059 1.564201 1.574878 3.533377 2.368376 1.812063 50.488850 -7.882932 0.84428602
Car -1 -1 -6.0457 401.4540 179.3708 513.3917 220.3232 1.529867 1.635031 3.994589 -5.930280 1.791360 28.109613 -6.253641 0.82252175
Car -1 -1 -5.9385 327.4386 172.1914 476.8427 228.4181 1.752770 1.727391 4.347822 -6.742026 1.731814 23.496265 -6.217939 0.55056006
Car -1 -1 -2.2223 0.0000 195.8088 65.1217 374.0000 1.582318 1.646328 3.889642 -6.398529 1.768300 5.007891 -3.129032 0.45171344
Car -1 -1 -2.6339 0.0000 196.1680 295.7261 310.8014 1.450476 1.544510 3.554789 -6.683829 1.814026 10.375271 -3.206197 0.40915495
Car -1 -1 -2.8000 493.7634 177.4590 549.6985 197.1814 1.453805 1.589160 3.923227 -6.737599 1.811896 54.951569 -2.921960 0.30376577
