Car -1 -1 -7.5918 332.4277 178.2301 463.8604 263.8756 1.525101 1.646086 3.722441 -4.159063 1.400865 14.673350 -7.868014 0.99971515
Car -1 -1 -7.3519 116.9680 184.0060 298.9301 262.1142 1.427853 1.637712 3.909062 -8.202103 1.405896 15.099152 -7.849551 0.99971086
Car -1 -1 -7.7009 469.4214 178.7958 524.5919 219.2004 1.442518 1.572063 3.429953 -4.194202 1.213473 27.380299 -7.852863 0.99274045
Car -1 -1 -7.8344 593.1718 175.2570 627.3406 206.8837 1.519110 1.642391 4.115151 0.131246 1.040926 36.604427 -7.830842 0.99204004
Car -1 -1 -7.9966 654.5265 179.0278 700.1595 213.3661 1.438337 1.554120 3.219733 2.986049 1.179301 31.756781 -7.902834 0.98964942
Car -1 -1 -7.5753 306.5928 166.5278 397.4308 231.1674 1.908010 1.728735 3.999602 -8.193079 1.356545 23.266930 -7.913898 0.97476465
Car -1 -1 -7.7693 513.4318 177.7681 548.8448 205.8081 1.427856 1.581704 3.657931 -4.085770 1.048766 38.450981 -7.875200 0.36642402
Car -1 -1 -4.1861 199.3758 192.6208 264.9037 223.0749 1.418575 1.343097 3.498855 -18.834160 1.809216 36.128002 -4.666623 0.18125893
Car -1 -1 -2.3565 0.0000 143.3810 80.9975 263.4132 2.586479 2.189089 6.292871 -16.165205 1.685173 16.628014 -3.127759 0.17823096
Car -1 -1 -4.1975 195.9293 191.7369 268.8919 225.9071 1.442446 1.328574 3.662643 -17.127434 1.757929 32.906303 -4.677438 0.15918638
Car -1 -1 -2.2858 0.0000 125.4992 68.0357 319.5346 2.451349 2.155911 5.998114 -11.501148 1.697077 10.189520 -3.131609 0.15547432
Car -1 -1 -7.5766 369.9284 162.3109 450.9955 222.8755 2.386625 2.022851 5.133392 -8.377452 1.484189 30.906746 -7.841320 0.15230569
Car -1 -1 -4.1955 194.2149 191.1404 270.8735 226.4756 1.432113 1.351285 3.668629 -16.444237 1.708161 31.616158 -4.675093 0.14592609
Car -1 -1 -2.3331 0.0000 141.9538 63.8650 270.4138 2.508091 2.149364 6.221380 -15.421394 1.663591 15.154385 -3.127237 0.14453888
Car -1 -1 -2.3236 0.0000 129.9904 72.6851 282.8310 2.598568 2.198141 6.257333 -13.926453 1.659795 13.357707 -3.129814 0.11260571
Car -1 -1 -2.2857 0.0000 127.2514 55.1403 296.3244 2.482744 2.133707 6.149114 -12.904336 1.631727 11.687488 -3.120494 0.10322119
Car -1 -1 -2.1892 0.0000 57.1046 123.7477 375.0000 2.468143 2.154467 5.923750 -7.247538 1.734627 5.207854 -3.136918 0.10271772
