Car -1 -1 -4.2824 30.7684 196.3769 407.7342 374.0000 1.426555 1.721311 4.536215 -3.743939 1.758297 7.906539 -4.724611 0.99978358
Car -1 -1 -7.9118 649.8760 177.7150 695.4005 219.2771 1.562493 1.630765 3.438384 2.441993 1.771117 29.271921 -7.828535 0.99670911
Car -1 -1 -4.4480 355.6976 189.4604 476.4994 271.4053 1.439442 1.543237 3.682683 -4.002983 1.833121 15.270731 -4.704405 0.99665546
Car -1 -1 -3.4094 784.6767 163.7407 944.9516 214.7795 1.531163 1.665135 4.452784 7.832461 1.257463 22.622604 -3.076086 0.94405472
Car -1 -1 -4.6094 483.1102 183.4210 515.8907 208.1214 1.385512 1.592031 3.902022 -6.753074 2.061062 44.161068 -4.761142 0.90163475
Car -1 -1 -4.0481 0.0000 209.5636 193.4694 374.0000 1.377334 1.502824 3.326408 -6.625543 1.890150 8.420410 -4.714797 0.89867693
Car -1 -1 -3.7501 765.8591 161.4502 887.2578 207.7725 1.612590 1.641053 4.070621 7.906509 1.215297 26.535839 -3.460560 0.84067631
Car -1 -1 -3.3786 735.2336 167.8546 835.7183 203.3721 1.530671 1.629211 4.046236 7.661953 1.314917 31.913019 -3.143004 0.73967993
Car -1 -1 -4.7394 373.3241 192.2805 430.9904 245.3298 1.398382 1.594916 3.759345 -6.594275 2.059772 22.542820 -5.024028 0.11949181
Cyclist -1 -1 -4.5378 468.9382 182.4272 483.6696 221.5215 1.659331 0.372716 1.577008 -5.927471 2.091466 31.802515 -4.722091 0.10749193
