Car -1 -1 -8.0545 693.1063 181.9256 828.3240 274.9502 1.454479 1.639058 4.382112 2.647922 1.656761 13.911919 -7.866424 0.99969375
Car -1 -1 -8.2001 754.3535 179.7415 1024.9557 365.5363 1.562938 1.585870 3.450647 2.698694 1.655019 7.938326 -7.872419 0.99953806
Car -1 -1 -4.3498 178.0760 199.7437 432.1494 360.7521 1.480263 1.639247 3.923582 -3.623230 1.898546 9.261781 -4.722682 0.99852079
Car -1 -1 -4.4703 362.1949 194.4486 488.0425 280.0659 1.410087 1.582867 3.971258 -3.690557 1.914342 14.872098 -4.713531 0.99780291
Car -1 -1 -4.5381 464.0802 187.5760 528.6273 235.4303 1.458875 1.578244 3.811514 -3.915575 2.009881 25.099249 -4.692891 0.99268472
Car -1 -1 -8.0236 676.4481 179.6793 758.0271 240.4217 1.509037 1.617091 3.837725 2.860780 1.719169 20.303759 -7.883669 0.98464739
Car -1 -1 -4.5359 423.2747 188.4714 501.1508 249.3674 1.470991 1.521519 3.582773 -4.082616 1.946313 20.165569 -4.735640 0.95885837
Car -1 -1 -7.9740 665.5616 177.7493 720.6937 225.9348 1.581438 1.537050 3.459037 2.856769 1.767764 25.770456 -7.863586 0.95869565
Car -1 -1 -8.5989 934.3315 188.2957 1241.0000 374.0000 1.528942 1.519229 3.211862 2.915867 1.633363 3.274323 -7.871378 0.81294113
Car -1 -1 -8.0185 632.8743 178.9692 665.9988 204.7090 1.581508 1.589346 3.559432 2.500806 1.995896 47.072346 -7.965405 0.76923382
