Car -1 -1 -7.5883 363.8554 175.9263 497.4272 264.5841 1.481371 1.578619 3.664800 -3.247669 1.405327 13.671040 -7.821525 0.99968934
Car -1 -1 -4.7218 477.0696 170.5593 500.0375 191.0825 1.480177 1.639438 4.084939 -8.769050 0.763245 53.147213 -4.885306 0.95217407
Car -1 -1 -6.9993 1120.1315 144.5926 1223.0000 189.3116 1.682699 1.666048 4.355443 22.766453 0.331804 27.491119 -6.307646 0.23860087
Car -1 -1 -6.9432 1085.9771 149.5525 1223.0000 188.0494 1.564048 1.677041 4.470894 22.893093 0.306937 29.567003 -6.284332 0.18921457
Pedestrian -1 -1 -4.0752 242.7121 170.6528 283.0530 239.4248 1.863826 0.666429 0.794650 -9.520416 1.597262 19.614027 -4.527087 0.66653407
Pedestrian -1 -1 -5.6802 551.6929 163.8261 587.0406 226.3027 1.785929 0.540044 0.881194 -1.079688 1.309597 20.672102 -5.732414 0.52041382
Pedestrian -1 -1 -3.3377 267.6740 176.0215 304.3043 236.2079 1.781336 0.709879 0.892076 -9.726686 1.649078 21.474768 -3.762951 0.45840269
Pedestrian -1 -1 -3.4210 264.4074 175.4948 304.8850 236.8112 1.767707 0.776687 0.914362 -9.541302 1.623710 20.975893 -3.847847 0.15014923
Pedestrian -1 -1 -5.7533 553.4979 163.4445 588.6498 225.3547 1.799222 0.528962 0.898258 -1.043939 1.303854 20.990168 -5.803010 0.13475394
Pedestrian -1 -1 -3.4186 267.6987 175.8784 305.3072 235.0304 1.787506 0.767888 0.887464 -9.922128 1.648136 21.945900 -3.843191 0.10401274
Cyclist -1 -1 -2.6613 270.4755 172.2175 359.8542 240.3159 1.689625 0.859537 1.934618 -7.422183 1.484448 18.058226 -3.051297 0.61996937
Cyclist -1 -1 -6.4587 761.6766 158.8685 803.7433 199.8502 1.818227 0.622159 1.748448 7.943197 0.858700 31.740709 -6.213518 0.31823742
Cyclist -1 -1 -6.7816 946.9261 142.8025 1013.1196 203.1011 1.840785 0.635752 1.717124 11.572337 0.690249 21.913345 -6.295747 0.29444873
Cyclist -1 -1 -2.0014 261.6333 177.4953 315.5669 238.6937 1.782771 0.799378 1.838796 -9.670686 1.695536 21.502735 -2.424027 0.16707450
Cyclist -1 -1 -3.7466 947.8228 137.9528 1011.0214 198.6409 1.879782 0.609200 1.721245 11.767340 0.562190 22.305504 -3.261117 0.15877153
Cyclist -1 -1 -6.8582 953.4422 144.6881 1018.9327 204.5415 1.791417 0.613748 1.694929 11.563734 0.719856 21.537537 -6.365477 0.14018337
Cyclist -1 -1 -8.0171 954.3563 135.5804 982.5704 191.7325 1.700716 0.539257 1.555222 11.379185 0.340494 22.237680 -7.544097 0.11903378
