Car -1 -1 -7.3071 0.0000 160.2982 415.5220 374.0000 1.645424 1.655598 3.998920 -2.760690 1.596802 4.796139 -7.829414 0.99000204
Car -1 -1 -7.8525 596.6249 173.1033 623.4293 200.4817 1.676946 1.643099 3.802628 -0.032076 1.693239 46.131233 -7.853230 0.98992682
Car -1 -1 -4.5584 429.0268 182.1592 468.6218 207.5559 1.425114 1.726950 4.367083 -9.883146 2.025742 44.361557 -4.777640 0.98402333
Car -1 -1 -4.1928 127.1160 191.1390 341.8808 301.3661 1.551136 1.596031 3.971414 -6.454001 1.927866 12.851830 -4.658154 0.26293641
Car -1 -1 -4.0897 0.0000 190.6579 253.6869 374.0000 1.468165 1.603151 4.255862 -5.873802 1.719291 8.055808 -4.719693 0.11832120
Pedestrian -1 -1 -6.5131 768.0322 150.7029 840.9720 270.9079 1.735997 0.508226 0.950350 2.811829 1.415792 10.687424 -6.255864 0.67710954
Pedestrian -1 -1 -3.8005 695.6306 160.5406 743.3798 249.6267 1.705441 0.592671 0.719809 2.106130 1.469417 14.247606 -3.653695 0.67185801
Pedestrian -1 -1 -8.2743 751.7907 153.7192 804.4042 253.3906 1.795742 0.655460 0.874444 3.076102 1.450697 13.492388 -8.050187 0.52436280
Pedestrian -1 -1 -3.3157 724.3948 149.6716 780.7302 258.6853 1.811882 0.560537 0.853944 2.360314 1.426275 12.279420 -3.125802 0.40456119
Pedestrian -1 -1 -3.3329 700.3276 152.3650 752.1780 247.4550 1.762934 0.563084 0.877002 2.139807 1.382775 13.674229 -3.177696 0.26388949
Pedestrian -1 -1 -3.2500 727.6017 148.9290 782.0787 257.4697 1.846268 0.561462 0.873610 2.460848 1.439006 12.589931 -3.056999 0.20015775
Pedestrian -1 -1 -3.2562 705.3159 148.7959 759.5488 252.6339 1.864144 0.530344 0.924248 2.181833 1.431943 13.240699 -3.092904 0.18538071
Pedestrian -1 -1 -2.6557 749.8749 152.6230 813.1057 255.5379 1.788677 0.591830 0.948361 3.049510 1.436759 13.074766 -2.426599 0.16196343
Pedestrian -1 -1 -3.3205 726.3711 147.6191 785.9834 260.2674 1.809999 0.540577 0.876653 2.338501 1.404232 11.870540 -3.125997 0.13718115
Pedestrian -1 -1 -3.0616 724.1799 147.7863 781.7737 255.9655 1.889719 0.527661 0.979844 2.524667 1.451526 12.989852 -2.869630 0.11063591
Cyclist -1 -1 -2.7133 741.3326 146.3209 869.0536 276.2935 1.780677 0.600100 1.727414 2.801463 1.416863 10.664238 -2.456438 0.10815015
