Car -1 -1 -7.7355 491.5822 169.7349 532.6491 204.3676 2.088871 2.007324 5.164351 -5.630004 1.379351 45.912079 -7.857470 0.40243647
Pedestrian -1 -1 -5.3203 667.3357 162.5285 738.9506 294.3806 1.686287 0.559344 0.867139 1.312748 1.444328 9.700339 -5.185769 0.94055510
Pedestrian -1 -1 -5.4127 599.4663 156.3660 679.8065 301.9245 1.785751 0.606785 0.897415 0.439475 1.478079 9.353443 -5.365796 0.89656037
Pedestrian -1 -1 -3.2914 250.6725 158.8515 327.6565 307.4300 1.737901 0.613341 0.786735 -3.908355 1.473671 8.871847 -3.706347 0.73941481
Pedestrian -1 -1 -3.0663 439.6328 170.5964 465.8505 221.9527 1.701392 0.527710 0.825711 -5.012395 1.340589 24.112885 -3.271211 0.69731140
Pedestrian -1 -1 -8.0927 701.0601 157.9725 731.2131 223.0497 1.866398 0.682678 0.877318 3.324032 1.192115 21.066893 -7.936250 0.59658003
Pedestrian -1 -1 -3.8678 717.1734 163.1246 755.3203 233.6826 1.794152 0.621578 0.755035 3.477961 1.327420 18.726969 -3.684222 0.48463839
Pedestrian -1 -1 -5.6053 0.0000 192.4772 139.1364 325.4033 1.307487 0.599239 1.231783 -5.641433 1.426654 7.435289 -6.254334 0.19496357
Pedestrian -1 -1 -5.5412 20.0781 197.2352 171.3232 321.0741 1.267731 0.556257 1.311397 -5.523675 1.447190 7.802802 -6.157254 0.19486733
Pedestrian -1 -1 -6.9696 0.0000 162.3403 80.0817 373.0000 1.702143 0.676695 0.765606 -4.743575 1.565368 5.593165 -7.673006 0.14148964
Pedestrian -1 -1 -5.8230 0.0000 179.6552 109.8275 339.8045 1.467833 0.723859 1.042422 -5.624761 1.451641 7.047902 -6.496521 0.13499607
Pedestrian -1 -1 -2.7905 704.5852 170.5317 785.6294 275.5309 1.511304 0.475029 1.101801 2.114807 1.354085 10.827674 -2.597650 0.12950172
Pedestrian -1 -1 -3.1275 0.0000 160.2374 71.6809 365.3419 1.681731 0.744334 0.833652 -5.340033 1.508119 6.441220 -3.819714 0.12712386
Pedestrian -1 -1 -5.3759 145.7611 170.2581 245.0842 314.8023 1.606454 0.538297 0.953284 -4.800265 1.482205 8.413266 -5.894388 0.10265281
Cyclist -1 -1 -4.5842 467.5422 163.7430 511.2069 256.9779 1.740077 0.644850 1.741008 -2.242994 1.409272 14.285599 -4.739931 0.95716506
Cyclist -1 -1 -4.7284 356.1561 161.8186 416.9089 323.7748 1.757493 0.640059 1.745640 -2.677278 1.544614 8.724107 -5.026161 0.94886595
Cyclist -1 -1 -4.8052 702.0219 158.6457 731.5010 224.1221 1.832016 0.681761 1.792137 3.323726 1.193044 21.014923 -4.648312 0.15459549
Cyclist -1 -1 -2.8674 0.0000 163.6491 88.4040 345.8187 1.666481 0.670667 1.711838 -6.330253 1.503898 7.241876 -3.585731 0.13580784
