Car -1 -1 -6.6946 828.4609 191.8312 1043.6453 267.1463 1.424242 1.604402 3.705516 6.541448 1.836033 14.860042 -6.279964 0.99875224
Car -1 -1 -2.6105 0.0000 182.2355 305.0546 301.7229 1.413151 1.587995 3.906933 -6.391648 1.549170 9.579919 -3.198821 0.99374938
Car -1 -1 -6.4815 712.6810 184.1779 824.1194 226.1602 1.492302 1.624697 3.814260 5.803472 1.927951 26.939013 -6.269290 0.98667204
Car -1 -1 -5.9361 260.7429 177.1343 460.0222 249.7357 1.575678 1.666942 4.013079 -5.694722 1.679175 16.629606 -6.266073 0.98602366
Car -1 -1 -3.8283 955.1348 195.8983 1241.0000 362.5916 1.482651 1.655031 4.200859 6.025128 1.749007 7.500777 -3.151592 0.97435158
Car -1 -1 -7.9287 640.3948 183.8827 672.8179 209.0380 1.337699 1.593945 3.770951 2.629445 2.007206 41.926292 -7.866066 0.97264165
Car -1 -1 -2.5389 110.1887 184.5622 400.9934 280.5299 1.439114 1.640233 4.242227 -5.957462 1.655390 12.220853 -2.992519 0.97065341
Car -1 -1 -2.7015 342.5638 175.1123 477.9548 234.3544 1.691573 1.644912 3.583859 -6.036372 1.762992 21.801125 -2.971592 0.92166561
Car -1 -1 -5.6756 450.1921 179.4193 534.7486 210.3403 1.486866 1.671059 4.050631 -6.075242 1.838131 37.011997 -5.838325 0.49331880
Car -1 -1 -5.7281 450.0133 180.4031 530.8863 211.3436 1.439097 1.559682 3.673464 -5.949507 1.826866 35.672024 -5.893337 0.29230249
Car -1 -1 -6.4079 802.7035 186.9298 991.9977 257.9026 1.484474 1.748839 3.925216 6.519714 1.840326 16.936110 -6.040424 0.23457168
Car -1 -1 -2.7639 370.8065 179.0071 491.0558 225.9661 1.509056 1.606405 3.626455 -6.081041 1.726532 24.498306 -3.007157 0.13238174
