Car -1 -1 -8.8824 913.4625 184.7465 1228.8873 303.5350 1.389743 1.563169 3.707947 6.598153 1.601290 10.848015 -8.335992 0.99879056
Car -1 -1 -8.0734 662.0497 184.7322 734.4894 234.6720 1.413182 1.568830 3.437803 2.691223 1.821984 23.060213 -7.957174 0.99740952
Car -1 -1 -8.0251 636.7083 181.2890 684.7612 217.3461 1.492783 1.557968 3.652175 2.196249 1.896430 32.656807 -7.957988 0.99066812
Car -1 -1 -2.7974 278.1588 191.0979 450.3195 249.5642 1.426374 1.635517 3.970260 -6.424895 1.927766 18.988543 -3.123711 0.98767406
Car -1 -1 -2.7052 36.8942 189.5884 331.4632 294.7686 1.522900 1.635117 3.794235 -6.782964 1.817603 11.739342 -3.229131 0.97228628
Car -1 -1 -2.6273 144.2723 191.0378 365.8003 275.6643 1.504176 1.596105 3.567250 -6.892608 1.882419 14.116956 -3.081478 0.91029143
Car -1 -1 -2.8726 442.2734 178.6626 520.9595 211.2944 1.775498 1.722293 4.056294 -7.238467 2.111075 40.676750 -3.048675 0.84646881
Car -1 -1 -2.4156 0.0000 155.6527 253.1654 374.0000 1.920992 1.732321 4.108105 -5.904482 1.779623 6.807159 -3.130083 0.73527962
Car -1 -1 -2.9045 341.1169 189.8451 466.3935 237.3556 1.466380 1.557245 3.699893 -6.757263 2.045009 23.732101 -3.181900 0.70088679
Car -1 -1 -6.0791 431.0415 185.8503 530.3066 216.3606 1.441859 1.596614 4.605919 -6.386971 2.099924 35.691463 -6.256180 0.35218406
