Car -1 -1 -7.4159 0.0000 161.3433 442.5587 374.0000 1.719588 1.646659 3.903723 -2.782835 1.652524 6.147439 -7.841006 0.99201620
Car -1 -1 -4.5778 438.2853 178.9976 473.0261 202.6549 1.410484 1.656577 3.956761 -9.848796 1.820135 46.111824 -4.788266 0.97610450
Car -1 -1 -7.8601 594.7928 168.3208 621.9453 197.2388 1.766215 1.658727 3.805506 -0.152669 1.489043 45.979637 -7.863408 0.78868085
Pedestrian -1 -1 -3.9486 687.2121 158.1651 731.1887 241.0534 1.749041 0.624918 0.717858 2.104405 1.438788 15.693431 -3.815321 0.63654077
Pedestrian -1 -1 -6.4641 750.3328 151.2295 817.5449 258.7877 1.749070 0.512108 1.010293 2.828368 1.397121 12.014482 -6.232916 0.49598047
Pedestrian -1 -1 -6.1861 730.7103 150.8877 781.1416 242.2763 1.847064 0.647975 0.973568 2.993467 1.402802 15.034096 -5.989534 0.36883631
Pedestrian -1 -1 -6.3704 715.8601 152.1696 773.1896 254.5697 1.810462 0.508282 0.976762 2.367968 1.444456 13.055031 -6.190919 0.24291052
Pedestrian -1 -1 -6.2102 710.5016 153.8542 757.1945 250.3809 1.803780 0.536504 0.847964 2.327790 1.448434 13.844457 -6.043655 0.20625529
Pedestrian -1 -1 -6.2587 725.6202 154.8365 768.8804 251.8081 1.765839 0.525324 0.778707 2.512581 1.437443 13.476752 -6.074423 0.18295869
Pedestrian -1 -1 -3.2240 692.2562 152.8058 735.5491 238.8473 1.787919 0.565453 0.862731 2.141211 1.371024 15.300072 -3.084906 0.18026128
Pedestrian -1 -1 -6.5527 731.2524 150.4703 784.5131 239.1843 1.850267 0.619460 0.981952 3.091930 1.383120 15.392696 -6.354474 0.11333489
Pedestrian -1 -1 -6.5357 724.9564 149.5366 790.3164 256.6409 1.830511 0.535938 1.017419 2.518486 1.431695 12.627605 -6.338858 0.10330611
Pedestrian -1 -1 -2.8235 724.4122 149.7541 783.5761 245.1735 1.868784 0.598731 1.043817 2.870204 1.416073 14.647814 -2.630007 0.10189371
Cyclist -1 -1 -2.7615 720.4168 152.5646 836.9194 265.7979 1.768832 0.606866 1.793400 2.736428 1.451589 12.030107 -2.537864 0.34408146
