Car -1 -1 -5.6691 75.4460 178.8433 389.7539 290.7690 1.552064 1.664321 4.136528 -5.810832 1.654160 11.229829 -6.146630 0.99400288
Car -1 -1 -8.5748 720.4484 176.3015 811.3615 215.0215 1.462505 1.521840 3.784270 6.279013 1.613466 29.635830 -8.366043 0.99388653
Car -1 -1 -2.8383 347.1400 165.3822 490.6584 222.3792 1.901202 1.776200 4.493023 -6.605280 1.651671 25.057262 -3.096018 0.98957461
Car -1 -1 -2.4415 0.0000 160.4404 245.8326 332.9085 1.809367 1.700774 3.997967 -6.756310 1.678836 8.473752 -3.114572 0.98775685
Car -1 -1 -8.5072 852.6561 170.0168 1241.0000 374.0000 1.642062 1.620311 3.697207 2.967768 1.631737 4.446502 -7.918677 0.97692186
Car -1 -1 -7.9795 626.6318 176.2377 661.7285 202.7885 1.449865 1.587978 3.528093 1.896859 1.653608 41.687500 -7.934055 0.97615111
Car -1 -1 -2.7810 285.5054 173.9857 434.4722 236.3368 1.703008 1.662130 3.673344 -7.114851 1.736438 20.622484 -3.113173 0.97591454
Car -1 -1 -2.2657 0.0000 187.3654 83.1636 374.0000 1.602122 1.647353 3.802055 -6.803721 1.735959 5.821505 -3.128735 0.35428810
Pedestrian -1 -1 -5.9248 651.7437 173.6797 661.5760 202.7557 1.587131 0.450948 0.407904 2.529625 1.632581 39.691212 -5.861196 0.10919625
Pedestrian -1 -1 -6.2591 0.0000 161.2507 76.9944 373.5661 1.728987 0.788251 0.725748 -5.257288 1.634196 6.409796 -6.946010 0.10398391
