Car -1 -1 -7.6782 433.7833 187.0244 506.1662 237.4684 1.474868 1.604085 4.056820 -4.389282 1.538528 23.201118 -7.865221 0.99873883
Car -1 -1 -7.8417 574.4702 180.4995 605.4274 210.9833 1.623607 1.648898 3.973895 -1.006780 1.372572 40.284367 -7.866656 0.99823463
Car -1 -1 -7.7199 482.2747 184.4523 524.8535 217.2330 1.471685 1.549000 3.433203 -4.912972 1.437568 33.996716 -7.863377 0.97669786
Car -1 -1 -7.4790 123.2488 98.8839 448.4182 330.9138 2.529425 2.126995 6.310680 -4.266796 1.588455 10.996986 -7.849069 0.66647357
Car -1 -1 -2.3296 0.0000 203.4818 49.3280 375.0000 1.668901 1.732163 4.519012 -9.135056 1.893567 7.861649 -3.189730 0.14533970
Car -1 -1 -7.2842 10.7546 189.7236 219.8404 296.7060 1.548723 1.457402 3.074131 -8.109868 1.634425 12.089375 -7.875098 0.10109326
Pedestrian -1 -1 -6.0331 530.6096 180.7776 543.0013 206.4998 1.818784 0.572439 0.760291 -5.071500 1.505133 51.169624 -6.131904 0.27652651
Pedestrian -1 -1 -6.0371 530.7225 180.4139 543.2883 206.0674 1.826965 0.573813 0.780751 -5.092993 1.485153 51.535854 -6.135563 0.22637390
Pedestrian -1 -1 -6.0006 530.2077 180.6896 543.0626 206.7341 1.826850 0.572641 0.775097 -5.044967 1.509530 50.775146 -6.099601 0.21118590
Pedestrian -1 -1 -5.9741 530.6752 180.5169 543.7842 207.0028 1.841779 0.602756 0.767531 -4.962781 1.515194 50.362915 -6.072327 0.17417735
Pedestrian -1 -1 -6.0184 531.0377 180.2572 543.7117 205.5822 1.817851 0.558372 0.793382 -5.106029 1.462083 51.941265 -6.116362 0.11902544
Cyclist -1 -1 -1.8160 0.0000 170.9637 57.5113 339.6637 1.705462 0.700718 1.714364 -6.961357 1.561540 8.046650 -2.529209 0.17548512
Cyclist -1 -1 -7.5501 517.3583 180.9170 534.4384 210.4329 1.736752 0.545936 1.671142 -4.936087 1.483968 43.170479 -7.663922 0.10524245
