Car -1 -1 -8.1495 730.9732 182.2105 922.9608 308.8936 1.474669 1.591067 3.736154 2.877211 1.635946 10.569321 -7.883672 0.99924242
Car -1 -1 -7.9933 669.1792 175.9655 736.2641 227.3811 1.469615 1.573832 3.700664 2.785069 1.575295 22.712944 -7.871250 0.99894410
Car -1 -1 -7.9566 648.7103 170.6402 692.7288 208.4898 1.665050 1.641936 3.940840 2.737282 1.567364 33.729034 -7.875598 0.99790680
Car -1 -1 -2.7087 127.0183 169.0533 393.5553 266.5704 1.695530 1.711209 4.127961 -6.398416 1.629146 13.425391 -3.153453 0.99689901
Car -1 -1 -8.3919 830.3155 196.4219 1241.0000 374.0000 1.406253 1.535224 3.599918 2.885759 1.634576 5.177552 -7.883442 0.99399561
Car -1 -1 -5.9519 309.0371 174.6078 470.1805 228.8199 1.515576 1.659647 4.203790 -6.421072 1.568850 21.135880 -6.246830 0.98460126
Car -1 -1 -5.4688 0.0000 156.5687 240.2855 374.0000 1.733233 1.714733 4.327067 -6.051870 1.605427 6.671920 -6.205537 0.98225880
Car -1 -1 -2.8811 370.8333 165.2660 498.9254 218.3343 1.856019 1.732826 4.207466 -6.320534 1.590334 26.150517 -3.118206 0.97950941
Car -1 -1 -5.6905 5.6621 166.6079 348.8065 290.3024 1.716350 1.686906 4.274236 -6.472781 1.629381 10.982262 -6.223032 0.92336524
Car -1 -1 -2.2881 0.0000 146.2057 271.7952 325.3508 1.876756 1.730990 4.105575 -6.582105 1.597284 8.839649 -2.928149 0.50621670
