Car -1 -1 -8.1934 423.0677 190.9731 552.2076 270.1588 1.406861 1.578279 3.806015 -2.844855 1.854636 15.798980 -8.371537 0.99872321
Car -1 -1 -8.5377 534.5479 148.1590 876.3032 342.6573 1.860164 1.798920 4.545562 0.844571 1.623683 9.288134 -8.446970 0.99532712
Car -1 -1 -3.0230 489.1877 172.7267 585.5300 211.8629 1.679912 1.702262 4.060424 -3.196002 1.674149 31.860594 -3.122985 0.99479681
Car -1 -1 -8.0265 317.6973 186.5631 377.1376 225.1117 1.351693 1.579818 3.872454 -10.594705 1.938806 28.845327 -8.378463 0.99201775
Car -1 -1 -4.9821 945.5488 167.5869 1095.8215 242.2166 1.354305 1.641558 4.297969 8.460477 1.258422 15.374275 -4.479012 0.99057871
Car -1 -1 -8.0204 302.9636 184.3477 356.5527 220.4484 1.493514 1.666731 3.943221 -13.030105 2.057748 33.320042 -8.393210 0.96100754
Car -1 -1 -4.5827 113.2503 187.7968 162.6084 220.4425 1.627799 1.791583 4.071186 -26.285673 2.506785 40.235142 -5.161421 0.92658609
Car -1 -1 -8.0307 842.9277 167.0342 942.0177 233.7370 1.412449 1.571982 3.488768 6.530254 1.288913 17.138979 -7.666706 0.86307126
Car -1 -1 -4.5018 0.0000 206.4764 69.5897 317.6799 1.458424 1.575634 3.659527 -10.829806 2.139874 12.646475 -5.210012 0.82428205
Car -1 -1 -4.0488 0.0000 211.2914 60.9422 350.3891 1.403067 1.669383 4.035103 -10.274829 2.075588 10.533421 -4.821755 0.22853787
Car -1 -1 -5.4881 0.0000 192.3526 59.7856 363.4953 1.747957 1.814152 4.999032 -9.900787 2.009935 8.656921 -6.340432 0.17703459
Car -1 -1 -7.7014 1198.8666 147.8865 1241.0000 374.0000 1.595265 1.667378 3.951437 6.791199 1.441822 6.216027 -6.871800 0.12931705
Car -1 -1 -5.5907 0.0000 202.3748 77.0460 298.9196 1.574071 1.737118 4.693038 -13.034781 2.166950 13.451269 -6.360410 0.11013890
Car -1 -1 -6.9701 547.4213 146.2455 855.0753 299.1221 1.910030 1.779281 4.536063 1.426717 1.577285 10.969806 -6.840749 0.10426097
