Car -1 -1 -8.1455 734.9365 181.2696 958.3170 321.4969 1.448225 1.627625 4.166605 2.834510 1.586547 9.794022 -7.863803 0.99988151
Car -1 -1 -7.9470 682.1992 172.4003 740.8273 221.8640 1.574743 1.638136 3.792785 3.377866 1.559999 24.900095 -7.812155 0.99845648
Car -1 -1 -2.4226 0.0000 191.2215 263.6934 371.5716 1.497384 1.657179 4.104528 -5.884252 1.698707 7.044745 -3.118528 0.99003255
Car -1 -1 -2.7829 44.5180 186.7555 359.5964 286.0067 1.440833 1.633771 4.218061 -6.538463 1.691141 11.896599 -3.285465 0.96446842
Car -1 -1 -2.9333 400.0878 179.0874 509.3013 217.9503 1.469722 1.613771 3.948903 -6.087835 1.721459 28.361187 -3.144774 0.94113648
Car -1 -1 -5.9795 332.5483 178.7782 494.0717 231.1572 1.481563 1.630829 4.358456 -5.831535 1.665277 21.512239 -6.244212 0.79981083
Car -1 -1 -7.9758 674.1403 171.9015 724.8350 216.3880 1.716387 1.627123 3.598023 3.568742 1.679336 29.639133 -7.856005 0.74569422
Car -1 -1 -3.0405 477.4523 174.6930 544.7975 205.3658 1.558942 1.594958 3.336818 -5.155863 1.656730 37.630146 -3.176681 0.59959531
Car -1 -1 -3.0109 446.5862 176.8033 524.8292 209.1884 1.483284 1.580601 3.470202 -5.871510 1.674412 34.115402 -3.181313 0.56574684
Car -1 -1 -5.5995 129.8330 176.9115 301.2077 244.4521 1.530714 1.572383 3.442881 -9.603030 1.635334 17.570374 -6.099689 0.55782849
Car -1 -1 -2.5043 0.0000 183.2302 305.1731 310.6763 1.506406 1.544025 3.864076 -6.338927 1.655782 9.539069 -3.090843 0.45946571
Car -1 -1 -5.3944 0.0000 182.6110 85.9934 374.0000 1.529595 1.661241 3.959281 -5.949957 1.602626 4.531022 -6.314313 0.14832629
Car -1 -1 -2.9460 451.6028 176.9911 530.1176 207.9093 1.460737 1.611179 3.532252 -5.809080 1.667099 35.181423 -3.109613 0.11707854
