Car -1 -1 -4.6778 482.2133 166.3473 520.1630 204.3537 2.127184 2.059696 5.749032 -5.945245 1.279246 43.169220 -4.814693 0.95454836
Car -1 -1 -7.5901 274.2939 190.1815 381.3813 252.1842 1.320392 1.593256 3.470202 -6.607114 1.555442 17.604578 -7.949151 0.59248000
Pedestrian -1 -1 -8.5893 590.3422 153.9828 673.5626 308.9051 1.792012 0.608817 0.847795 0.318564 1.474403 8.829452 -8.553213 0.94714141
Pedestrian -1 -1 -2.8106 212.2981 162.0187 309.3869 315.6767 1.733228 0.645368 0.874230 -4.041994 1.514174 8.473006 -3.255674 0.85081667
Pedestrian -1 -1 -7.4404 260.7910 157.4857 367.9429 352.3436 1.692568 0.628379 0.880295 -2.693318 1.484698 6.689179 -7.823222 0.79172885
Pedestrian -1 -1 -5.6016 654.5977 152.8522 733.5974 298.7712 1.767024 0.581890 0.818645 1.132497 1.420791 9.195411 -5.479093 0.75313854
Pedestrian -1 -1 -3.6617 718.5652 161.2555 757.9219 233.6727 1.795424 0.575457 0.799311 3.429295 1.294033 18.212379 -3.475606 0.62040275
Pedestrian -1 -1 -2.5746 64.4105 172.1217 190.4794 329.4522 1.554332 0.620686 0.893553 -4.916127 1.462388 7.415255 -3.160034 0.27700928
Pedestrian -1 -1 -5.9773 0.0000 155.0838 117.1461 343.1170 1.650232 0.723960 0.942860 -5.296353 1.419117 6.807671 -6.638458 0.25477505
Pedestrian -1 -1 -2.9524 0.0000 142.6984 101.4762 373.0000 1.746298 0.799146 0.946891 -4.869421 1.453143 6.016469 -3.632848 0.18606928
Pedestrian -1 -1 -6.1641 155.9350 170.5695 254.0455 301.7824 1.597307 0.570483 1.042172 -5.097418 1.464925 9.205260 -6.669851 0.17554671
Pedestrian -1 -1 -3.0815 239.1731 163.7927 317.8522 310.3475 1.740568 0.586748 0.863742 -4.053128 1.530950 8.959468 -3.506286 0.13323799
Pedestrian -1 -1 -4.1826 0.0000 159.8201 87.1116 373.0000 1.695584 0.696027 0.792507 -3.512553 1.589332 4.001005 -4.903108 0.11942898
Cyclist -1 -1 -4.4838 431.6313 158.7608 489.3007 272.6548 1.803162 0.585667 1.762226 -2.415731 1.443792 12.263199 -4.678328 0.95662487
Cyclist -1 -1 -4.3172 232.9020 160.0939 375.8578 370.0763 1.688067 0.610429 1.692242 -2.707183 1.516711 6.623044 -4.705224 0.15329401
Cyclist -1 -1 -2.6516 0.0000 151.1903 126.4068 361.7269 1.720500 0.837433 1.733080 -5.475569 1.473539 6.462618 -3.354549 0.12929554
Cyclist -1 -1 -2.6522 0.0000 143.0737 136.2650 373.0000 1.722219 0.810502 1.715037 -4.940655 1.443184 5.809233 -3.357006 0.12675224
Cyclist -1 -1 -2.6993 0.0000 145.4687 158.3097 373.0000 1.738597 0.696851 1.690817 -4.092510 1.525780 4.813618 -3.403905 0.10069990
