Car -1 -1 -4.7856 482.4601 170.8413 523.1836 206.1775 1.856801 1.907268 4.728803 -5.589818 1.296909 40.257908 -4.923542 0.90367818
Pedestrian -1 -1 -8.5658 590.9965 151.4571 678.4453 318.4077 1.841748 0.621188 0.850051 0.333459 1.511017 8.450419 -8.526406 0.92684722
Pedestrian -1 -1 -5.6760 655.9018 156.9700 750.7830 313.4260 1.769011 0.586032 0.971941 1.172717 1.492346 8.666380 -5.541502 0.78420776
Pedestrian -1 -1 -4.3123 726.8405 163.6902 765.2317 239.6064 1.763204 0.643509 0.794464 3.428020 1.350104 17.193192 -4.115512 0.77400517
Pedestrian -1 -1 -3.9668 198.6955 171.1386 287.2759 327.2054 1.690260 0.599814 0.684135 -4.122325 1.578738 8.191325 -4.433069 0.71493548
Pedestrian -1 -1 -4.3162 150.9662 177.0564 275.8871 373.0000 1.578280 0.558423 0.598629 -2.652674 1.550975 4.861966 -4.815646 0.60403287
Pedestrian -1 -1 -8.1872 711.0455 159.2198 740.8763 225.4887 1.762625 0.597865 0.707105 3.341269 1.170520 19.503843 -8.017512 0.42112595
Pedestrian -1 -1 -3.5501 768.3124 155.4770 813.2419 249.4570 1.797556 0.550507 0.687114 3.658801 1.300410 14.064299 -3.295615 0.21326149
Pedestrian -1 -1 -5.8259 0.0000 188.7317 135.2978 353.4721 1.408402 0.658921 1.157415 -5.132239 1.480164 6.618710 -6.485503 0.16999975
Pedestrian -1 -1 -3.6994 761.4439 155.5672 805.5759 247.1451 1.791372 0.545805 0.670355 3.607769 1.284685 14.414237 -3.454183 0.16473816
Pedestrian -1 -1 -3.7382 166.7917 176.5188 245.5379 319.9349 1.688202 0.602233 0.620397 -4.921217 1.630250 8.868398 -4.244815 0.12922014
Pedestrian -1 -1 -4.2176 173.4776 173.4894 302.7826 373.0000 1.609842 0.522045 0.603041 -2.369945 1.562396 4.629382 -4.690750 0.11989456
Pedestrian -1 -1 -6.1018 0.0000 149.8511 69.0543 373.0000 1.738860 0.745782 0.733835 -3.356429 1.595442 3.781726 -6.827665 0.10082317
Cyclist -1 -1 -4.4650 388.9437 160.1482 461.5897 299.5308 1.771419 0.569536 1.775318 -2.459664 1.500732 10.018889 -4.705726 0.98203492
Cyclist -1 -1 -4.5060 427.1572 165.5582 475.4659 257.5664 1.761640 0.616571 1.776308 -3.070748 1.457004 14.641890 -4.712712 0.96340972
Cyclist -1 -1 -4.7005 713.7393 158.7884 736.6609 228.7503 1.810317 0.586043 1.736076 3.332406 1.223149 19.494081 -4.531163 0.17080121
Cyclist -1 -1 -4.5747 421.8909 172.1365 449.5840 226.1479 1.738170 0.673981 1.729990 -5.547887 1.437274 24.008772 -4.801787 0.14642307
Cyclist -1 -1 -2.2986 0.0000 170.9455 144.0781 359.5181 1.576865 0.724407 1.690880 -5.225211 1.489334 6.503846 -2.975431 0.14096697
