Car -1 -1 -7.5355 255.8512 179.5076 464.6930 310.6592 1.510997 1.625543 3.866033 -3.257116 1.499976 10.083769 -7.847975 0.99989176
Car -1 -1 -4.6275 467.2336 169.5929 495.7197 191.5044 1.490448 1.657536 4.030261 -8.723175 0.748571 50.174057 -4.799599 0.94418120
Pedestrian -1 -1 -3.9797 115.0240 173.1665 174.5780 257.3720 1.822143 0.678632 0.915512 -10.314062 1.663798 15.804518 -4.557921 0.79459560
Pedestrian -1 -1 -7.7731 592.8998 162.4808 619.1119 236.4359 1.744523 0.578938 0.712748 -0.012138 1.319801 17.056959 -7.773820 0.65750343
Pedestrian -1 -1 -3.3654 164.4552 175.0206 210.4914 248.0713 1.778006 0.649706 0.871842 -10.518235 1.644969 17.744806 -3.900431 0.60361594
Pedestrian -1 -1 -3.4464 155.5595 174.8895 198.9994 243.1400 1.784729 0.705550 0.826399 -11.550998 1.638331 19.032377 -3.991901 0.38311177
Pedestrian -1 -1 -3.7302 158.6207 174.9839 207.9375 246.9951 1.799254 0.659605 0.871185 -10.888345 1.661755 18.201080 -4.269362 0.29290289
Pedestrian -1 -1 -3.2904 166.8751 177.7447 196.9492 240.8936 1.752982 0.725594 0.632248 -12.072824 1.676802 20.108377 -3.831120 0.28189942
Pedestrian -1 -1 -3.7828 153.6992 174.6978 203.0958 245.5266 1.813496 0.714004 0.858726 -11.275034 1.665255 18.635323 -4.326868 0.27062955
Pedestrian -1 -1 -5.3638 926.7817 143.1049 951.6818 198.1357 1.880804 0.578255 0.526324 11.537030 0.603004 24.482914 -4.923457 0.26480410
Pedestrian -1 -1 -3.7238 156.5541 176.2684 198.4261 241.7302 1.780399 0.704177 0.732605 -11.952391 1.665618 19.711924 -4.268886 0.17394994
Pedestrian -1 -1 -8.1344 870.0213 145.6833 894.2258 198.4042 1.874332 0.659801 0.639032 9.951295 0.636784 25.485455 -7.762149 0.16860324
Pedestrian -1 -1 -4.9360 872.3109 147.1291 896.4338 199.3716 1.884820 0.693637 0.646501 10.188774 0.681104 25.880997 -4.560945 0.15928553
Pedestrian -1 -1 -7.9630 1093.9246 137.2141 1123.3995 209.1978 1.823016 0.562450 0.551586 12.975707 0.727106 18.284077 -7.345853 0.14026608
Pedestrian -1 -1 -3.5394 164.5484 175.5089 206.2083 242.5712 1.793667 0.720480 0.764968 -11.569654 1.660487 19.432650 -4.076375 0.13307878
Pedestrian -1 -1 -4.0098 106.4737 173.3264 166.8064 251.1318 1.798063 0.807610 0.901044 -11.176935 1.632619 16.834129 -4.595906 0.12704806
Pedestrian -1 -1 -8.3356 889.9039 143.9221 917.0084 197.6579 1.887102 0.680451 0.614724 10.585144 0.602810 25.164925 -7.937467 0.10490768
Pedestrian -1 -1 -7.6509 1125.3674 134.7863 1159.5117 207.9414 1.844714 0.570349 0.719154 13.855043 0.692299 18.280722 -7.002341 0.10447654
Pedestrian -1 -1 -3.8397 120.1840 172.7104 173.9318 252.7386 1.820591 0.721156 0.774878 -10.759241 1.643721 16.560816 -4.415896 0.10225835
Pedestrian -1 -1 -4.6861 872.5599 146.7670 890.8609 199.7020 1.932791 0.615721 0.710214 10.250328 0.701362 26.262905 -4.313995 0.10136367
Cyclist -1 -1 -3.7777 1114.0502 137.1542 1199.7338 210.1526 1.859699 0.604628 1.731589 14.251944 0.755747 18.336199 -3.117020 0.65698469
Cyclist -1 -1 -6.9283 1116.3854 136.8519 1199.3635 207.4374 1.830855 0.631699 1.685140 14.538527 0.699022 18.669237 -6.266657 0.32285187
Cyclist -1 -1 -4.8621 886.7341 143.2802 910.6829 194.3322 1.770517 0.563680 1.549699 10.480906 0.479969 25.340824 -4.469895 0.14403549
Cyclist -1 -1 -3.4819 855.0964 153.2553 903.3585 197.6941 1.785267 0.666312 1.704832 11.115738 0.690972 28.762012 -3.113135 0.11697213
Cyclist -1 -1 -3.5527 873.1290 144.1892 923.8447 196.0582 1.835666 0.519560 1.601359 10.460122 0.550865 25.297703 -3.160586 0.10396853
