Car -1 -1 -7.5190 266.2151 186.5916 432.7198 280.7966 1.419737 1.596361 3.794011 -4.428161 1.448003 12.787446 -7.852337 0.99968612
Car -1 -1 -7.6177 379.5610 179.6670 467.5849 237.4451 1.510494 1.619743 3.710364 -5.225574 1.365591 20.657391 -7.865457 0.99734169
Car -1 -1 -7.8419 573.6547 175.7806 611.0533 210.4065 1.506315 1.627105 4.008584 -0.728336 1.096022 33.284328 -7.863820 0.99694222
Car -1 -1 -7.2317 0.0000 190.2876 198.3854 305.7172 1.443970 1.651877 4.233275 -8.491016 1.539009 11.314019 -7.875530 0.99687600
Car -1 -1 -7.4226 238.8412 179.7933 353.5327 236.4445 1.448295 1.600757 3.570655 -8.654598 1.309829 20.183430 -7.827665 0.84856522
Car -1 -1 -4.5455 433.5450 162.4063 486.1267 208.6471 2.625373 2.177744 5.938933 -8.935575 1.330504 43.818840 -4.746620 0.75370252
Car -1 -1 -7.4355 371.3692 170.7728 452.7678 223.5089 2.052138 1.785112 4.077612 -8.133949 1.490274 30.125118 -7.699234 0.34023216
Car -1 -1 -5.5561 0.0000 162.9761 182.9106 375.0000 1.718781 1.711051 4.626099 -5.682567 1.611699 4.670282 -6.438931 0.33754730
Car -1 -1 -7.0488 0.0000 199.7162 142.3778 375.0000 1.476203 1.616131 3.837367 -4.524109 1.593880 3.863132 -7.912810 0.26216081
Car -1 -1 -7.7203 474.3676 166.6794 534.7270 216.5297 2.058461 2.007241 5.146107 -4.561717 1.293202 32.263405 -7.860766 0.13807473
Cyclist -1 -1 -4.0750 0.0000 121.9176 161.8949 375.0000 1.800608 0.684392 1.801426 -2.728748 1.620877 2.974548 -4.817365 0.10617895
