Car -1 -1 -4.2435 96.3654 183.6941 354.7121 338.0683 1.645364 1.562112 3.624494 -4.931302 1.818902 9.757966 -4.711428 0.99879360
Car -1 -1 -8.2445 782.2717 165.9175 1156.6191 374.0000 1.661690 1.622038 3.379802 2.661295 1.616719 6.342021 -7.847226 0.99800152
Car -1 -1 -4.5020 424.2990 183.5669 497.0452 231.5395 1.496742 1.709238 3.983497 -5.204037 1.903290 25.403374 -4.704110 0.99315053
Car -1 -1 -7.9136 641.2055 176.9606 668.3060 200.3990 1.403145 1.503884 3.258564 2.750798 1.670495 45.396233 -7.853053 0.93552685
Pedestrian -1 -1 -8.2780 500.4613 174.7899 531.4878 235.2867 1.716041 0.646886 0.738707 -2.786702 1.773337 20.982430 -8.410032 0.21558216
Pedestrian -1 -1 -8.0548 701.4719 166.8190 719.1553 209.6775 1.835312 0.619600 0.757848 4.303585 1.576578 31.296173 -7.918189 0.16014273
Pedestrian -1 -1 -8.0433 472.7467 172.0375 498.8426 237.1012 1.775410 0.586634 0.742751 -3.521171 1.752831 20.140049 -8.216394 0.11171702
Pedestrian -1 -1 -7.3924 1160.2296 170.3380 1241.0000 374.0000 1.650840 0.668796 0.774959 3.298300 1.639563 3.599082 -6.650608 0.10176310
Cyclist -1 -1 -4.2884 462.4924 174.3058 508.4145 241.1124 1.794823 0.571143 1.849950 -3.543700 1.837502 20.393785 -4.460435 0.76142728
Cyclist -1 -1 -4.0889 486.7125 174.1412 539.3889 237.6466 1.748169 0.580507 1.776661 -2.823318 1.786653 20.820341 -4.223708 0.74078846
Cyclist -1 -1 -4.8496 700.1688 168.0945 719.7908 210.7119 1.792047 0.585684 1.888276 4.279098 1.591613 31.284929 -4.713658 0.65383965
Cyclist -1 -1 -4.5783 527.0979 173.7885 543.5272 213.0535 1.826906 0.556700 1.734370 -3.601269 1.872408 34.488289 -4.682297 0.18440498
