Car -1 -1 -4.4105 293.9530 193.7783 452.4439 298.7098 1.426683 1.547424 3.582578 -3.901154 1.835740 12.321045 -4.717125 0.99844652
Car -1 -1 -7.9414 654.2740 179.3882 707.2073 223.9514 1.526608 1.660765 3.385628 2.530647 1.785413 26.913738 -7.847684 0.99174082
Car -1 -1 -3.5170 805.7035 165.0147 999.4025 223.9436 1.574236 1.707304 4.711587 7.998735 1.364516 20.135410 -3.138847 0.98942518
Car -1 -1 -4.1355 0.0000 199.7898 328.6712 374.0000 1.527702 1.646014 3.883626 -3.623457 1.795608 5.218893 -4.742372 0.97638434
Car -1 -1 -3.5538 781.4867 158.9384 936.4165 217.9140 1.839704 1.750415 4.455934 8.010550 1.405317 23.568258 -3.226202 0.96712756
Car -1 -1 -4.5608 480.1842 184.8148 516.8209 210.3235 1.375842 1.592878 3.708062 -6.558367 2.111007 42.511898 -4.713841 0.95286328
Car -1 -1 -3.7281 740.9318 168.1999 852.1657 210.1158 1.585284 1.658886 4.049290 7.376454 1.408964 28.738327 -3.476833 0.84040654
Car -1 -1 -4.5955 427.7079 186.8597 481.2925 228.4163 1.588254 1.778195 4.339742 -6.712290 2.239707 31.332766 -4.806499 0.19645660
Car -1 -1 -5.9598 351.7079 193.0412 464.8778 233.1500 1.419819 1.580025 3.823771 -7.628870 2.208708 27.320890 -6.232100 0.14827573
Car -1 -1 -3.6464 741.5488 170.2779 850.7384 211.2709 1.502071 1.609139 3.747073 7.074862 1.407378 27.689253 -3.396241 0.10588700
Car -1 -1 -8.4132 1070.0062 128.9781 1174.2495 177.6319 1.895849 1.715619 3.925267 21.190731 0.185877 30.121477 -7.800101 0.10344222
