Car -1 -1 -7.5120 251.4824 186.0475 426.5038 280.3949 1.431892 1.627098 4.163495 -4.670968 1.449537 13.030234 -7.856220 0.99987936
Car -1 -1 -7.6764 420.2388 179.8789 493.9561 231.8087 1.469058 1.597064 3.690468 -4.603161 1.318241 22.201927 -7.880797 0.99858606
Car -1 -1 -7.2330 0.0000 181.9013 200.4710 300.5932 1.529868 1.662164 3.994404 -8.377213 1.487305 11.277376 -7.871871 0.99818277
Car -1 -1 -7.3369 122.9502 175.4698 258.8810 238.4369 1.663715 1.671436 3.984354 -12.028604 1.406367 20.988504 -7.857264 0.99717844
Car -1 -1 -7.8313 573.5558 175.7991 609.3090 208.7563 1.515689 1.644301 4.232871 -0.787343 1.082781 35.176601 -7.853691 0.99558240
Car -1 -1 -4.5833 462.7138 165.6897 503.2718 205.6023 2.746251 2.134542 6.267672 -9.067952 1.402891 52.637386 -4.753910 0.87730575
Car -1 -1 -7.5693 360.0051 179.9100 420.0845 217.6042 1.504015 1.583450 3.218710 -9.148067 1.292473 30.298717 -7.862517 0.82922190
Car -1 -1 -7.6575 442.2691 176.0411 503.2935 218.2275 1.638191 1.755189 3.951241 -5.570616 1.282077 29.900986 -7.841693 0.38605246
Car -1 -1 -7.5246 240.4756 184.5254 340.7722 242.8840 1.443406 1.546194 3.117948 -8.492575 1.426490 19.397640 -7.937272 0.37911719
Car -1 -1 -5.3908 0.0000 163.7287 142.5486 375.0000 1.749379 1.755856 4.495828 -5.595342 1.653559 4.172851 -6.320821 0.13704526
