Pedestrian -1 -1 -7.9061 602.1937 164.2419 627.1287 239.1409 1.738544 0.551543 0.731265 0.270618 1.338496 17.049253 -7.890248 0.85900003
Pedestrian -1 -1 -7.4483 287.3525 157.5660 342.0922 270.2726 1.824318 0.623820 0.701628 -4.815209 1.437543 11.985388 -7.830299 0.62525129
Pedestrian -1 -1 -7.4218 480.0969 167.4826 515.5740 245.1938 1.730919 0.571038 0.680203 -2.398258 1.419256 16.407036 -7.566928 0.59690881
Pedestrian -1 -1 -2.5002 125.3678 196.1500 212.9866 346.4948 1.594127 0.619185 0.584960 -4.858319 1.765205 8.018472 -3.044955 0.41082838
Pedestrian -1 -1 -5.8287 544.6247 170.7651 574.9504 230.9102 1.687850 0.545494 0.697841 -1.220697 1.387082 20.544666 -5.888013 0.37520078
Pedestrian -1 -1 -7.9194 618.2048 162.8824 639.5658 218.1021 1.873540 0.676634 0.927883 0.916916 1.242281 24.845690 -7.882486 0.21802950
Pedestrian -1 -1 -6.2851 639.4589 163.9622 656.1178 202.1916 1.893832 0.635095 0.824068 2.307288 1.025258 35.927921 -6.220941 0.19691849
Pedestrian -1 -1 -6.2570 636.0308 163.7410 654.3931 202.6057 1.902650 0.620825 0.891096 2.157551 1.033477 35.514557 -6.196304 0.18595192
Pedestrian -1 -1 -6.3348 640.4230 164.3853 656.8644 202.2885 1.898888 0.624800 0.796887 2.373231 1.041687 36.305153 -6.269497 0.16719888
Pedestrian -1 -1 -3.6259 0.0000 170.3520 153.3698 373.0000 1.664608 0.669004 0.615280 -2.699786 1.619068 3.401081 -4.296822 0.16631894
Pedestrian -1 -1 -3.6362 0.0000 161.4328 184.3171 373.0000 1.711443 0.683432 0.659394 -2.336085 1.640896 2.992631 -4.299030 0.11975670
Pedestrian -1 -1 -4.6606 605.2642 164.6753 621.9747 208.9871 1.864444 0.672147 0.841683 0.507494 1.156850 30.667196 -4.644084 0.11525511
Cyclist -1 -1 -4.7207 618.6930 164.3053 639.3708 218.8853 1.815643 0.687644 1.864700 0.917798 1.244071 24.837727 -4.683773 0.64159179
Cyclist -1 -1 -4.1642 0.0000 131.6175 201.7840 373.0000 1.757636 0.658130 1.891595 -2.300034 1.637777 2.722483 -4.865649 0.15013532
