Pedestrian -1 -1 -5.6997 228.2886 204.1769 367.6998 373.0000 1.347772 0.639498 0.853983 -2.544414 1.548728 5.951996 -6.103657 0.71173513
Pedestrian -1 -1 -6.4779 650.5999 167.8722 674.0243 210.8937 1.856039 0.544767 0.928732 2.633721 1.268409 31.312567 -6.393946 0.38532901
Pedestrian -1 -1 -2.7546 137.0418 196.3076 317.3543 373.0000 1.481339 0.650060 0.890696 -2.510374 1.588589 4.801184 -3.236402 0.37482938
Pedestrian -1 -1 -6.4657 651.1230 167.9974 674.0400 210.4229 1.851868 0.525838 0.925562 2.675870 1.262777 31.662258 -6.381424 0.25903001
Pedestrian -1 -1 -3.2912 652.3392 168.2764 673.2827 209.6893 1.833586 0.511491 0.864681 2.723127 1.248389 32.088104 -3.206583 0.19577026
Pedestrian -1 -1 -4.0276 34.9806 167.0689 242.3782 373.0000 1.653018 0.623181 0.612858 -2.325124 1.588633 3.581874 -4.603357 0.18756375
Pedestrian -1 -1 -3.8861 147.6291 194.6292 309.8325 373.0000 1.489237 0.606953 0.648780 -2.330932 1.578395 4.429927 -4.370459 0.15747668
Pedestrian -1 -1 -3.0448 165.0176 185.5598 308.3995 373.0000 1.604967 0.600569 0.625568 -1.950490 1.629474 3.807924 -3.518216 0.11819583
Pedestrian -1 -1 -4.0186 95.3410 189.2755 280.8971 373.0000 1.544193 0.614894 0.648281 -2.298882 1.591805 3.957981 -4.544795 0.11553352
Cyclist -1 -1 -2.9940 708.1148 178.2716 793.5590 252.9454 1.634551 0.775865 1.816727 3.375994 1.564446 16.400118 -2.791012 0.70351940
Cyclist -1 -1 -2.7700 189.2409 189.4285 426.6165 373.0000 1.601342 0.579761 1.762822 -2.476843 1.672255 6.054980 -3.158242 0.20472018
Cyclist -1 -1 -2.8515 699.4174 174.8143 783.0164 246.8919 1.625816 0.719939 1.804665 3.253228 1.475563 16.938961 -2.661750 0.16902687
Cyclist -1 -1 -4.1065 0.0000 151.8761 252.5338 373.0000 1.727722 0.589098 1.847665 -2.295923 1.638009 3.126179 -4.739946 0.11824491
