Car -1 -1 -4.3231 214.6673 190.9963 419.2999 303.7578 1.466286 1.688208 4.166357 -4.699302 1.824493 12.158212 -4.691929 0.99965429
Car -1 -1 -8.0550 714.9214 180.5539 813.5887 247.0288 1.443547 1.614735 4.044243 3.692972 1.658620 18.159637 -7.854373 0.99914300
Car -1 -1 -8.3358 844.9977 187.1810 1232.1349 374.0000 1.475006 1.608068 3.796322 3.730865 1.656122 7.233810 -7.859638 0.99905223
Car -1 -1 -8.1353 759.2711 180.3401 916.6974 282.4033 1.496352 1.604169 3.785388 3.768609 1.648069 12.754333 -7.847960 0.99874401
Car -1 -1 -4.4291 362.4007 185.7801 478.6453 256.9906 1.468563 1.639993 4.211429 -4.554382 1.825065 17.785309 -4.679741 0.99817097
Car -1 -1 -4.4951 427.9085 184.8979 508.0052 235.5156 1.398259 1.625713 4.275850 -4.481431 1.819851 23.116932 -4.686573 0.99612659
Car -1 -1 -4.5732 516.5827 179.8867 557.0269 208.0348 1.401176 1.630340 4.040729 -3.938124 1.800906 38.991901 -4.673854 0.99404681
Car -1 -1 -8.0290 701.3159 178.9903 767.0728 229.2676 1.470468 1.508501 3.325450 3.866497 1.681508 23.180525 -7.863678 0.95740354
Car -1 -1 -7.9813 684.9223 178.0940 726.5088 210.3485 1.446903 1.536813 3.525470 4.511948 1.711449 34.704803 -7.852058 0.92824370
Car -1 -1 -8.0038 693.1505 176.7391 743.2799 219.5582 1.584363 1.497280 3.150856 4.184495 1.746361 28.562969 -7.858318 0.83590370
Car -1 -1 -8.3362 904.2755 174.7645 961.1573 204.1214 1.553817 1.527891 3.289808 17.834810 1.664167 40.100143 -7.917757 0.82261723
Car -1 -1 -8.5829 1028.1238 175.5310 1139.2833 213.6346 1.396041 1.570037 3.776690 18.663105 1.509588 28.700352 -8.006376 0.27156395
Car -1 -1 -3.9226 1207.9639 174.3392 1241.0000 231.7358 1.601425 1.744599 4.278380 20.271702 1.646384 21.083254 -3.156830 0.15552764
