Car -1 -1 -7.3037 58.4131 178.0923 279.0256 278.4578 1.670496 1.677685 4.263298 -8.344538 1.552090 14.109724 -7.837739 0.99985933
Car -1 -1 -7.6564 440.3459 185.4680 506.2418 232.6776 1.486414 1.541509 3.495841 -4.530459 1.495755 24.410894 -7.839881 0.99859828
Car -1 -1 -7.8548 577.8813 180.3236 610.6135 211.4166 1.593792 1.678336 4.266363 -0.770436 1.343188 38.997787 -7.874524 0.99833566
Car -1 -1 -7.5737 297.2208 193.6234 452.5792 285.1905 1.384883 1.646597 4.013507 -4.131854 1.563897 13.267982 -7.875635 0.99784672
Car -1 -1 -7.7152 479.9132 184.3686 524.3889 215.7209 1.420462 1.622774 3.598413 -5.030056 1.382239 34.373283 -7.860487 0.94902718
Car -1 -1 -7.7475 509.5613 183.8208 541.2967 208.6767 1.426553 1.526619 3.484883 -4.916024 1.346651 43.005173 -7.861347 0.85060120
Car -1 -1 -7.8398 264.8545 171.4245 317.0953 225.5490 1.995151 1.786049 4.167737 -12.673288 1.486933 28.765774 -8.254792 0.72147679
Car -1 -1 -6.6694 0.0000 195.5418 82.5166 375.0000 1.474850 1.716845 4.297307 -8.450598 1.618168 7.653529 -7.504225 0.58278638
Car -1 -1 -2.3174 0.0000 176.0029 79.2784 337.5289 1.769305 1.775262 5.005929 -9.678973 1.668548 8.785699 -3.151177 0.27532995
Car -1 -1 -3.0698 459.7747 185.2828 534.9534 211.6328 1.501692 1.622775 4.231719 -6.421330 1.505856 41.950672 -3.221641 0.11980285
Car -1 -1 -4.4271 455.5536 185.3446 488.8500 208.1777 1.545125 1.394464 3.407193 -9.495401 1.554641 50.429417 -4.613180 0.10986020
Car -1 -1 -2.9189 422.6685 183.2598 518.3222 217.2748 1.538271 1.644375 4.104700 -6.364768 1.449975 33.401417 -3.107152 0.10417949
