Car -1 -1 -4.5349 544.2474 167.1788 606.3852 214.1101 2.130819 2.087049 5.757289 -1.188265 1.480869 35.613197 -4.568280 0.95097816
Car -1 -1 -4.8078 617.2624 171.2462 645.5922 195.8948 1.975085 1.871045 5.265140 2.490052 1.153302 60.239136 -4.766473 0.33512256
Pedestrian -1 -1 -5.1238 717.9778 151.4249 819.5042 368.4489 1.696266 0.556261 0.792575 1.333945 1.461931 6.057131 -4.907046 0.92209888
Pedestrian -1 -1 -7.3054 208.9765 166.3623 320.7308 356.2038 1.674102 0.623103 0.813975 -3.196599 1.541332 6.772657 -7.746427 0.87747651
Pedestrian -1 -1 -4.4607 943.9301 153.4105 1007.9222 289.0229 1.754604 0.587785 0.833123 5.066782 1.391842 9.800555 -3.983558 0.87009388
Pedestrian -1 -1 -8.3563 780.0202 150.8151 895.1790 370.2765 1.736252 0.568728 0.904887 1.948513 1.494223 6.182405 -8.050994 0.64932132
Pedestrian -1 -1 -5.0124 828.9437 167.1537 858.3366 228.0583 1.933800 0.695693 0.790101 7.789871 1.478727 23.211279 -4.688564 0.28789142
Pedestrian -1 -1 -5.6872 161.1782 198.7596 287.4510 318.2479 1.359210 0.532644 1.255927 -4.547613 1.574554 8.600911 -6.173578 0.15434146
Pedestrian -1 -1 -3.3021 866.5170 172.0126 898.6465 233.1847 1.698101 0.531851 0.767991 7.897666 1.435227 20.280981 -2.930750 0.11102971
Pedestrian -1 -1 -2.9928 781.2447 151.7982 893.9539 361.1759 1.779174 0.557952 0.907385 2.106576 1.527509 6.555305 -2.681915 0.10957746
Cyclist -1 -1 -3.6279 842.1132 174.1195 914.8534 236.2424 1.715597 0.642323 1.826203 7.773139 1.512267 20.265938 -3.261698 0.26086056
