Car -1 -1 -7.5959 336.0093 178.8999 487.5612 277.9781 1.477147 1.626810 3.783342 -3.244278 1.453681 12.435348 -7.851081 0.99965191
Car -1 -1 -4.7108 473.6885 169.8840 497.7322 191.0494 1.492452 1.676776 4.259803 -8.783070 0.743901 52.095707 -4.877835 0.92414743
Car -1 -1 -6.9891 1157.7230 146.5655 1223.0000 189.0750 1.581783 1.648590 4.192555 23.964680 0.319319 27.169062 -6.266244 0.25950077
Car -1 -1 -8.5409 1107.3296 145.1028 1223.0000 191.0681 1.697320 1.660282 3.725527 22.036598 0.390483 27.987560 -7.873947 0.11166710
Pedestrian -1 -1 -3.4069 236.1230 175.2751 275.3528 239.8069 1.781558 0.672692 0.850374 -9.943731 1.637619 20.053619 -3.867232 0.92682689
Pedestrian -1 -1 -4.1342 205.5464 173.7388 249.3825 245.8365 1.813384 0.668361 0.800511 -9.753621 1.643651 18.211184 -4.625892 0.77234674
Pedestrian -1 -1 -7.8517 569.0632 160.8050 590.2513 227.4637 1.797700 0.571383 0.829854 -0.738359 1.266862 19.493040 -7.889550 0.75882280
Pedestrian -1 -1 -8.6557 1146.1526 142.8536 1174.7001 193.7080 1.879033 0.620153 0.567814 20.741537 0.488270 26.448446 -7.990639 0.11316802
Pedestrian -1 -1 -8.6284 1138.1205 144.7428 1166.9608 194.8932 1.879584 0.618092 0.605017 20.746447 0.539685 26.835785 -7.970253 0.11014977
Cyclist -1 -1 -6.0360 270.6123 169.7302 359.2971 241.9993 1.691867 0.729676 1.857306 -7.004095 1.440073 17.045645 -6.425844 0.85870689
Cyclist -1 -1 -3.6619 988.0134 141.2016 1057.7537 205.6559 1.858814 0.605187 1.679224 12.182796 0.725775 20.703060 -3.130025 0.41045186
Cyclist -1 -1 -7.0890 1095.6515 130.9152 1184.7900 217.3825 1.825764 0.543249 1.661465 11.551089 0.779126 15.329966 -6.443264 0.40899473
Cyclist -1 -1 -7.7653 564.4268 160.0441 592.0433 229.0919 1.820567 0.608750 1.826551 -0.762583 1.281526 19.569902 -7.804251 0.14732172
Cyclist -1 -1 -6.6198 796.5542 159.9005 841.4718 202.2630 1.827451 0.619669 1.769725 9.304330 0.939024 30.849173 -6.326906 0.13894029
Cyclist -1 -1 -4.6824 187.1917 176.0288 214.3031 241.4000 1.850003 0.647507 1.782318 -11.996523 1.723770 20.948145 -5.202479 0.13683568
Cyclist -1 -1 -3.6751 985.4315 141.3632 1057.0841 206.1572 1.836347 0.626061 1.694614 11.929284 0.727459 20.354609 -3.144946 0.13492784
Cyclist -1 -1 -4.2663 285.5667 165.1905 345.0017 243.1926 1.765566 0.600134 1.801406 -6.938794 1.419376 16.920271 -4.655447 0.12024887
