Car -1 -1 -8.1075 696.9144 181.6584 846.5836 279.2037 1.454654 1.625116 4.139973 2.706246 1.641778 13.250235 -7.905997 0.99996042
Car -1 -1 -5.8845 256.5778 184.6749 462.8733 251.2673 1.459884 1.679224 4.320678 -5.901351 1.756652 17.149891 -6.215924 0.99885440
Car -1 -1 -8.0383 670.8772 180.0809 738.7991 225.2915 1.358500 1.567724 3.831826 3.054319 1.620867 24.266085 -7.913106 0.99794143
Car -1 -1 -2.5105 0.0000 180.0897 270.5905 324.4375 1.630953 1.656597 3.812247 -6.616055 1.729879 9.065141 -3.140968 0.99426442
Car -1 -1 -5.7080 28.4853 179.5381 339.5318 288.7964 1.592522 1.658749 4.044652 -6.720572 1.707859 11.556561 -6.234770 0.98242342
Car -1 -1 -4.7699 648.9207 170.1019 680.6777 201.7938 1.782136 1.633402 3.959616 3.152858 1.627076 42.567196 -4.696017 0.97567481
Car -1 -1 -2.3666 0.0000 191.0258 172.3116 374.0000 1.501014 1.658224 4.127038 -6.591649 1.686845 6.530556 -3.156623 0.96415073
Car -1 -1 -2.8346 319.7824 167.4680 466.7163 229.6224 1.844221 1.713266 4.019546 -6.663382 1.684110 22.299025 -3.125009 0.94823176
Car -1 -1 -2.8264 304.4391 177.1446 452.7276 237.7113 1.570469 1.612277 3.517706 -6.268268 1.691831 19.642214 -3.135274 0.77486056
Car -1 -1 -8.5920 917.8628 210.8090 1241.0000 374.0000 1.401469 1.616512 3.650360 3.037467 1.680593 3.471578 -7.873201 0.70446473
