Pedestrian -1 -1 -7.7904 802.5150 166.2376 817.2085 209.3781 1.723189 0.544109 0.462070 8.025239 1.458606 29.128046 -7.521521 0.43014258
Pedestrian -1 -1 -8.3277 781.4292 165.4885 799.7850 208.6920 1.712673 0.555689 0.478385 7.187107 1.420391 28.899462 -8.083942 0.31794560
Pedestrian -1 -1 -6.9753 781.2366 166.9906 800.6147 209.4467 1.698956 0.530295 0.549216 7.283882 1.464022 29.231537 -6.731128 0.16133563
Pedestrian -1 -1 -3.8375 797.2147 166.0876 814.7410 209.5964 1.723829 0.466796 0.492606 7.804434 1.455442 28.902597 -3.573787 0.15647307
Pedestrian -1 -1 -8.2658 790.0395 165.5894 806.8212 208.8375 1.716526 0.513173 0.448590 7.500592 1.427894 28.899817 -8.011829 0.12705280
Pedestrian -1 -1 -6.9071 799.6019 167.7011 818.9616 209.3894 1.681562 0.529897 0.556627 8.087511 1.473413 29.449709 -6.639046 0.11825877
Pedestrian -1 -1 -7.9826 786.9790 166.3092 805.2286 209.4669 1.689823 0.632617 0.554223 7.319021 1.433264 28.565145 -7.731761 0.10365134
Pedestrian -1 -1 -3.7956 795.2476 167.4948 818.0518 209.0760 1.699821 0.550471 0.726227 8.100152 1.480437 29.888596 -3.530974 0.10052534
Cyclist -1 -1 -8.2859 906.9021 132.5238 1010.6033 296.9014 1.896289 0.484320 1.756835 4.328934 1.430733 9.204035 -7.846306 0.91960555
Cyclist -1 -1 -8.0734 759.0006 163.3321 786.3724 221.0630 1.826833 0.502950 1.752119 5.281271 1.525223 23.708389 -7.854172 0.18911411
Cyclist -1 -1 -3.0567 767.7393 162.7488 819.0395 211.0314 1.900662 0.705805 1.950087 7.340966 1.502568 29.055353 -2.809206 0.10031246
