Car -1 -1 -8.1929 607.9462 173.0718 714.1180 241.5960 1.543845 1.569316 3.488528 1.125712 1.549599 18.160587 -8.130981 0.99907160
Car -1 -1 -8.0583 529.0395 173.8801 580.3552 208.5089 1.456869 1.570456 3.713914 -2.587129 1.505601 32.477020 -8.137743 0.99732995
Car -1 -1 -3.5021 882.3257 178.4444 1202.3004 289.4464 1.475635 1.613554 3.777109 6.170925 1.567478 10.797415 -2.982864 0.99191731
Car -1 -1 -3.5819 477.2151 170.7817 540.1472 195.0706 1.510171 1.599936 3.690506 -6.554338 1.381023 46.542477 -3.721794 0.69661504
Car -1 -1 -3.8530 1185.4861 163.2712 1241.0000 299.8931 1.681497 1.707643 4.541529 10.965593 1.563256 10.000002 -3.021575 0.33580223
Car -1 -1 -9.0689 1218.9794 179.2569 1241.0000 352.7183 1.535630 1.687406 4.375796 10.492609 1.635160 8.905215 -8.201839 0.17650414
Car -1 -1 -7.1024 1157.9392 121.6547 1241.0000 274.9344 2.418053 2.093926 5.876247 13.125966 1.610062 12.451379 -6.290634 0.10147008
Car -1 -1 -2.2954 0.0000 121.8800 83.7117 357.1208 2.135515 1.990480 5.407362 -9.065086 1.672474 7.615105 -3.167517 0.10020769
Pedestrian -1 -1 -7.0601 0.0000 165.1765 51.7206 312.0043 1.641358 0.604151 0.657604 -7.135138 1.555233 8.420808 -7.763009 0.15387613
Pedestrian -1 -1 -7.8119 1241.0000 137.2932 1241.0000 374.0000 1.759484 0.760149 0.753465 3.690530 1.616852 3.421595 -6.988671 0.13573231
Pedestrian -1 -1 -7.5371 406.5271 165.1335 436.1463 223.2609 1.782484 0.638486 0.940645 -5.952215 1.545433 22.614508 -7.794491 0.12331671
Cyclist -1 -1 -4.8287 407.4923 167.3233 435.0192 225.4645 1.741283 0.614225 1.882674 -5.974229 1.575342 22.597891 -5.087109 0.90457618
Cyclist -1 -1 -8.5849 1222.4965 165.2279 1241.0000 298.0009 1.675015 0.569873 1.662354 9.358560 1.578507 9.940510 -7.829664 0.11531727
Cyclist -1 -1 -3.9089 0.0000 158.1847 79.4743 332.5329 1.752024 0.645725 1.781239 -7.092641 1.604313 8.166352 -4.624092 0.10837796
