Car -1 -1 -7.6798 430.5109 177.4594 522.8401 248.0779 1.652969 1.683086 4.135571 -3.360976 1.471575 18.895618 -7.855813 0.99988985
Car -1 -1 -7.4077 186.7200 176.1711 346.2711 256.3102 1.643180 1.704145 4.213037 -7.819304 1.457886 16.856014 -7.842062 0.99946588
Car -1 -1 -7.8249 557.1011 179.7839 607.9341 226.9785 1.524139 1.641672 3.877476 -0.870737 1.348878 25.158543 -7.859517 0.99748296
Car -1 -1 -7.7224 489.2972 182.0136 535.6476 216.6509 1.456637 1.579868 3.696475 -4.230509 1.322132 32.079353 -7.853559 0.98262489
Car -1 -1 -7.5117 365.2228 181.5407 437.7755 221.0608 1.463581 1.606952 3.731709 -8.137005 1.327640 28.535744 -7.789486 0.95982218
Car -1 -1 -7.1584 0.0000 188.9650 299.2462 375.0000 1.531725 1.605014 3.783751 -3.175486 1.560636 3.599855 -7.881196 0.90997803
Car -1 -1 -4.4320 329.0185 180.1653 382.5063 211.0039 1.457392 1.582773 3.590759 -12.519514 1.218872 35.808990 -4.768332 0.76440722
Car -1 -1 -7.8200 522.6810 182.4472 549.0013 207.9164 1.505935 1.503498 3.173086 -4.414140 1.342398 44.136791 -7.919673 0.36877283
Car -1 -1 -7.3562 174.7044 181.4944 279.2168 228.1698 1.409160 1.550772 3.444129 -12.334426 1.296971 23.434982 -7.840668 0.35662121
Car -1 -1 -4.5113 272.9494 180.4482 329.0992 217.5588 1.480680 1.554312 3.335461 -12.971240 1.290617 30.471165 -4.913754 0.21390426
