Car -1 -1 -7.9905 664.3857 184.2243 725.8242 230.5671 1.410224 1.590648 3.618060 2.787838 1.827658 24.681038 -7.878055 0.99861789
Car -1 -1 -8.2576 787.6862 200.1220 1109.8013 374.0000 1.406945 1.559431 3.340674 2.904820 1.738493 7.099002 -7.869217 0.99803251
Car -1 -1 -7.9437 646.6161 178.1026 686.9906 214.1284 1.634800 1.614468 3.863508 2.680792 1.905056 35.251163 -7.867828 0.99682105
Car -1 -1 -8.1007 715.1028 187.2403 863.8855 293.8691 1.512894 1.618638 3.627759 2.885237 1.799553 12.561830 -7.874923 0.99681014
Car -1 -1 -2.7289 207.9638 175.3953 422.6084 260.6661 1.715253 1.682374 3.913499 -6.252198 1.772576 15.463903 -3.113164 0.99201947
Car -1 -1 -5.6298 0.0000 158.5539 316.1553 341.3894 1.919811 1.755723 4.305736 -6.040619 1.769356 8.534089 -6.245762 0.99180967
Car -1 -1 -2.8919 385.3083 173.2523 506.7727 223.4066 1.882700 1.759940 4.301554 -6.347180 1.898396 28.038082 -3.114477 0.98681289
Car -1 -1 -5.9970 338.5238 183.2160 480.6547 231.6762 1.463544 1.639545 4.070227 -6.361612 1.805933 23.009203 -6.266707 0.98502707
Car -1 -1 -5.7660 113.1585 175.8081 391.9901 275.9251 1.651204 1.678458 4.199275 -6.320711 1.707789 12.925758 -6.220812 0.96489966
Car -1 -1 -2.5234 0.0000 162.3594 325.7601 298.5252 1.853222 1.710067 4.015551 -6.655734 1.710089 10.806041 -3.075439 0.53167325
Car -1 -1 -2.1819 0.0000 159.9000 154.0293 374.0000 1.848842 1.700850 3.967319 -6.436659 1.756959 6.257059 -2.981436 0.39381477
Car -1 -1 -3.0141 445.8088 180.9600 525.4985 213.1766 1.499666 1.611799 3.625361 -6.009077 1.901526 34.914463 -3.184516 0.16014895
