Car -1 -1 -4.5256 422.9859 163.9744 503.6470 228.7956 1.992139 1.865034 4.533492 -4.580053 1.453981 24.344007 -4.711563 0.98708838
Car -1 -1 -4.6957 532.8111 166.3790 564.6501 197.6970 1.781738 1.809177 4.558390 -3.130203 0.921611 43.193394 -4.768052 0.93541300
Car -1 -1 -4.5644 455.4922 164.3813 517.8691 219.0609 2.176290 1.947002 4.977593 -4.874385 1.495297 31.086416 -4.719981 0.81212878
Pedestrian -1 -1 -7.3920 353.8168 173.4556 414.3317 275.8026 1.679039 0.645732 0.932925 -3.748157 1.547696 12.297967 -7.687867 0.95227647
Pedestrian -1 -1 -8.3594 738.8823 163.5082 828.2216 337.3715 1.683161 0.587395 0.773340 1.807646 1.509693 7.404429 -8.119931 0.93549550
Pedestrian -1 -1 -5.0368 829.4723 158.8834 917.7789 330.4593 1.712819 0.633270 0.837248 2.802094 1.487748 7.598640 -4.683506 0.90435833
Pedestrian -1 -1 -3.8745 986.3332 153.5210 1058.6064 276.3424 1.731342 0.528553 0.745922 6.075675 1.337594 10.461161 -3.348341 0.89500940
Pedestrian -1 -1 -4.6650 1095.8846 147.2370 1155.9823 296.9482 1.718540 0.557767 0.676273 6.295182 1.325922 8.684051 -4.037706 0.84277123
Pedestrian -1 -1 -3.8878 393.1392 170.8889 436.3565 247.2296 1.748618 0.594076 0.795770 -4.436859 1.506115 16.949017 -4.143843 0.76107967
Pedestrian -1 -1 -7.4162 652.5294 169.5488 686.1987 243.0899 1.685496 0.572937 0.636795 1.562218 1.412134 16.883141 -7.323900 0.62135965
Pedestrian -1 -1 -3.9283 0.0000 178.0545 98.0588 343.1440 1.656296 0.570005 0.692967 -5.907821 1.622434 7.585532 -4.590027 0.60600811
Pedestrian -1 -1 -4.0543 1171.6794 150.5794 1237.0000 292.5888 1.735839 0.478697 0.607899 7.640948 1.358563 9.078714 -3.354672 0.59090990
Pedestrian -1 -1 -3.6561 0.0000 170.9043 91.4632 331.6930 1.689433 0.571141 0.709050 -6.272867 1.578803 7.984176 -4.322070 0.19116962
Pedestrian -1 -1 -3.6546 0.0000 166.6741 80.6067 321.4174 1.718553 0.617060 0.702147 -6.723219 1.554592 8.418788 -4.328454 0.17028809
Pedestrian -1 -1 -6.7983 675.7935 176.8614 715.0624 226.4339 1.410188 0.480383 1.026835 2.695866 1.278714 20.850498 -6.669722 0.10048948
Cyclist -1 -1 -4.5151 424.8693 169.3273 471.0767 251.2532 1.783053 0.708251 1.778188 -3.540083 1.518687 16.527872 -4.726074 0.82871091
