Car -1 -1 -7.8669 549.8405 179.8227 712.4303 337.1618 1.553532 1.641190 3.506675 0.164319 1.657493 9.037593 -7.848763 0.99961227
Car -1 -1 -8.0093 690.4820 179.1579 744.8441 218.6437 1.472900 1.607895 3.811491 4.277284 1.746540 29.440567 -7.864988 0.99931526
Car -1 -1 -7.3140 0.0000 174.7482 382.0768 374.0000 1.615096 1.677533 4.148232 -3.283990 1.634635 5.482680 -7.853656 0.99897158
Car -1 -1 -7.7168 478.4869 170.0069 538.7455 221.8595 1.766604 1.649525 4.149675 -3.704981 1.669305 26.658209 -7.854932 0.99868578
Car -1 -1 -7.6832 436.8605 182.5788 521.6307 240.5402 1.400315 1.643645 4.152963 -3.590109 1.700454 20.210661 -7.858962 0.99552345
Car -1 -1 -8.0217 666.0999 164.0017 717.9168 209.0706 2.200837 1.892623 4.832070 4.161263 1.768256 37.701351 -7.911819 0.49208254
Car -1 -1 -8.4853 809.4281 0.0000 1241.0000 374.0000 2.318265 2.063560 5.870728 3.523913 1.567987 5.621226 -7.925292 0.26267183
Car -1 -1 -7.5727 302.6039 134.0070 498.1053 282.7897 2.201429 1.983579 5.321659 -3.576808 1.626338 13.355798 -7.834411 0.24961711
Car -1 -1 -7.2264 1001.5878 115.2294 1241.0000 374.0000 1.731101 1.773582 4.889048 4.755010 1.524307 3.484095 -6.287982 0.23259795
Car -1 -1 -2.2606 0.0000 164.9018 71.5425 212.8307 2.390097 2.045195 5.639140 -31.350189 1.993239 37.504295 -2.956890 0.10542436
