Car -1 -1 -4.1117 0.0000 192.9029 243.4578 374.0000 1.481658 1.655781 3.970907 -5.930835 1.761118 8.055882 -4.746285 0.99628109
Car -1 -1 -8.4884 858.9106 183.2030 1241.0000 374.0000 1.516445 1.543734 3.468504 2.988817 1.607820 4.614433 -7.913685 0.99447531
Car -1 -1 -4.9224 464.7018 180.0222 513.6126 213.0493 1.406465 1.520419 3.565264 -5.699757 1.758273 33.505169 -5.090893 0.99339432
Car -1 -1 -5.7504 334.3387 181.9237 418.1273 209.2870 1.452527 1.673084 4.197150 -13.111345 1.976279 40.417946 -6.064066 0.97484529
Car -1 -1 -3.2924 648.9289 174.1353 712.0954 194.4465 1.489695 1.651425 4.504971 5.215931 1.586946 53.986786 -3.196059 0.74068862
Car -1 -1 -4.2796 120.7148 181.2191 211.1516 227.3669 1.448488 1.460828 3.173154 -15.274207 1.756251 24.911003 -4.829606 0.70957088
Car -1 -1 -4.1587 50.4783 184.6886 149.5298 228.6960 1.395802 1.450373 3.042307 -17.813013 1.835880 25.287262 -4.772385 0.49019906
Car -1 -1 -7.2897 1046.6515 169.3727 1241.0000 374.0000 1.531833 1.649308 4.506373 4.769258 1.519349 3.504196 -6.352575 0.17522725
Pedestrian -1 -1 -8.1804 675.3096 168.7690 694.8285 212.1816 1.827456 0.637655 0.696381 3.155725 1.655197 30.783487 -8.078201 0.19538766
Cyclist -1 -1 -4.7264 677.1056 170.3535 692.0754 214.8334 1.849646 0.609061 1.791964 3.143961 1.745365 30.923447 -4.625042 0.18571417
