Car -1 -1 -8.1743 755.8328 187.4800 958.4846 322.1709 1.461612 1.531332 3.588252 3.129670 1.701265 10.029940 -7.871875 0.99945837
Car -1 -1 -8.4179 861.7946 198.9338 1241.0000 374.0000 1.462109 1.568085 3.606934 3.286353 1.724293 5.442702 -7.874689 0.99832267
Car -1 -1 -4.4750 302.2695 195.9913 444.5017 305.1733 1.485176 1.515078 3.477820 -3.931847 1.938578 12.360706 -4.782955 0.99819380
Car -1 -1 -8.0927 672.9127 173.6554 787.6088 263.6115 1.697750 1.609137 3.477431 2.390224 1.716612 15.450655 -7.939224 0.99792331
Car -1 -1 -4.2652 0.0000 202.9795 347.4868 374.0000 1.520299 1.583137 3.781841 -3.512670 1.846225 5.857208 -4.805391 0.99522239
Car -1 -1 -7.9313 633.8188 180.6387 683.0174 221.9615 1.421446 1.554994 3.979602 1.737584 1.740234 27.574492 -7.868412 0.99281013
Car -1 -1 -4.5902 446.8805 173.9671 510.7209 237.8778 1.886324 1.584726 3.669360 -4.190373 1.924765 23.237839 -4.768623 0.95831209
Car -1 -1 -4.5763 508.9061 178.6342 540.8148 205.4059 1.599345 1.530268 3.641736 -5.390563 1.980104 45.732063 -4.693613 0.90096021
Car -1 -1 -4.5545 455.6511 178.2185 517.0068 225.2861 1.673941 1.688526 4.529862 -4.824902 1.902081 28.452654 -4.722430 0.23310448
Car -1 -1 -7.9802 628.7227 180.0080 675.5507 216.3020 1.487070 1.589082 4.071213 1.789991 1.829429 32.473156 -7.925150 0.11982381
