Car -1 -1 -5.9495 0.0000 163.1181 229.0977 310.3661 1.809295 1.736844 4.496526 -8.071271 1.584107 10.372200 -6.610824 0.92342055
Pedestrian -1 -1 -3.3442 768.0562 165.8005 852.0721 320.4811 1.626047 0.578286 0.779082 2.216060 1.461710 7.867743 -3.069651 0.92381978
Pedestrian -1 -1 -5.1097 1064.2615 99.1971 1237.0000 373.0000 1.873766 0.702743 0.772744 2.791502 1.517031 3.585067 -4.448126 0.41419774
Pedestrian -1 -1 -4.7598 1050.0522 142.9606 1128.0536 328.9064 1.728422 0.602817 0.672261 4.757887 1.370902 7.120548 -4.170704 0.40100083
Pedestrian -1 -1 -6.6684 962.4013 165.6111 1000.3179 234.3794 1.739011 0.502151 0.724230 9.716041 1.337732 18.451021 -6.183691 0.28639013
Pedestrian -1 -1 -3.6101 1038.1353 138.3523 1165.6500 345.5027 1.813567 0.611869 0.771925 4.544281 1.436538 6.642791 -3.010136 0.24051110
Pedestrian -1 -1 -4.9625 1049.7236 132.0242 1210.8882 373.0000 1.766001 0.589085 0.650084 2.915313 1.512696 4.098108 -4.344170 0.22504383
Pedestrian -1 -1 -5.3329 1093.0983 76.9908 1237.0000 373.0000 1.827657 0.738115 0.882005 2.709707 1.447501 3.093623 -4.613567 0.14590372
Pedestrian -1 -1 -4.2420 1048.3752 141.4120 1147.9185 325.8113 1.801604 0.604611 0.687479 5.092363 1.410648 7.448428 -3.642315 0.14141163
Pedestrian -1 -1 -5.2776 1061.9386 121.7071 1237.0000 373.0000 1.826729 0.589025 0.701258 3.245696 1.495514 4.359905 -4.637633 0.11661404
Cyclist -1 -1 -8.4994 1005.2353 67.9403 1237.0000 373.0000 1.943708 0.715127 1.857303 2.773628 1.539268 3.500478 -7.829328 0.16607943
