Car -1 -1 -8.0073 683.8530 169.3443 757.4512 233.1365 1.824575 1.660166 4.008232 3.611173 1.477380 22.554333 -7.848527 0.99968398
Pedestrian -1 -1 -7.3160 2.3982 173.2640 182.6111 373.0000 1.659942 0.667993 0.760449 -3.334227 1.611457 4.700119 -7.932997 0.94164801
Pedestrian -1 -1 -4.8161 967.5074 157.1837 1089.9974 373.0000 1.626512 0.585208 0.610350 2.566627 1.489595 4.464804 -4.294358 0.76605248
Pedestrian -1 -1 -8.3128 934.9938 157.0615 993.7662 272.9874 1.677603 0.540724 0.669177 5.361908 1.324597 10.731091 -7.849414 0.50943643
Pedestrian -1 -1 -7.9375 478.3409 174.1853 497.1498 223.5057 1.741150 0.621971 0.521918 -4.092340 1.483318 25.687044 -8.095457 0.45649445
Pedestrian -1 -1 -6.6579 177.9585 209.6517 314.1301 373.0000 1.481977 0.598539 0.649429 -2.455805 1.690529 4.861151 -7.125653 0.40633124
Pedestrian -1 -1 -8.2885 934.6950 160.2378 991.2780 270.5708 1.650983 0.569027 0.618280 5.511294 1.333469 11.065784 -7.826378 0.18519820
Pedestrian -1 -1 -8.3097 937.0461 166.1323 990.1199 265.9465 1.534655 0.539610 0.595114 5.662564 1.299016 11.343996 -7.846736 0.12773652
Pedestrian -1 -1 -6.2693 479.0624 170.2255 495.1563 221.1544 1.774343 0.594797 0.554346 -4.057548 1.381948 25.360794 -6.427909 0.10286094
Cyclist -1 -1 -5.2279 924.1492 159.5670 1026.1396 277.6849 1.621426 0.549148 1.752513 5.484042 1.321009 10.748121 -4.756057 0.20309566
