Car -1 -1 -7.5392 256.8548 189.1477 425.9433 277.2482 1.380543 1.662632 4.535256 -4.880703 1.468467 13.757380 -7.880101 0.99992132
Car -1 -1 -7.8378 570.7427 180.3688 601.2629 209.2924 1.530822 1.615298 3.671916 -1.210685 1.274452 39.893623 -7.868115 0.99808371
Car -1 -1 -7.2873 83.9800 191.5759 260.3385 271.3579 1.394109 1.537942 3.207995 -8.611650 1.536465 14.446155 -7.824892 0.99621469
Car -1 -1 -7.5810 365.7803 181.5907 436.4188 223.2527 1.601115 1.704884 4.332101 -8.499077 1.461959 29.796608 -7.858894 0.99346727
Car -1 -1 -7.4006 203.6079 180.9556 307.2759 233.2910 1.562961 1.642886 3.479884 -11.294076 1.435892 23.208467 -7.853502 0.96548212
Car -1 -1 -4.3987 315.4594 181.0461 396.8559 231.8516 1.541226 1.573990 3.263659 -8.160717 1.414896 23.455162 -4.733489 0.82304704
Car -1 -1 -7.6848 435.2496 162.0279 515.5743 228.9093 2.219458 2.021162 5.415326 -4.782492 1.450130 26.571711 -7.862836 0.80998421
Car -1 -1 -3.8765 0.0000 194.0879 84.7739 375.0000 1.457736 1.597096 3.630094 -7.731527 1.574129 7.572252 -4.672326 0.56690007
Car -1 -1 -2.3986 0.0000 185.3799 90.6341 354.1644 1.628398 1.698904 4.702485 -8.838022 1.630625 7.999732 -3.233779 0.21827683
Car -1 -1 -3.0598 439.2479 178.2377 533.6076 215.9867 1.855863 1.843773 4.583094 -6.114122 1.512958 36.452946 -3.225961 0.12061365
