Pedestrian -1 -1 -4.4186 269.7239 158.8087 381.6457 359.6903 1.757796 0.744841 0.958071 -2.619629 1.559960 6.791119 -4.786793 0.96839172
Pedestrian -1 -1 -5.3849 889.7628 130.0838 1058.0081 373.0000 1.837095 0.720365 0.939189 2.777415 1.478976 5.547585 -4.920684 0.92752606
Pedestrian -1 -1 -4.5519 615.4390 164.5150 670.9459 301.8931 1.691670 0.596924 0.833038 0.506430 1.483195 9.316122 -4.497565 0.91201955
Pedestrian -1 -1 -8.0301 548.2150 166.1256 575.9000 228.4801 1.809796 0.662345 0.962144 -1.211105 1.364038 21.393631 -8.086629 0.89655513
Pedestrian -1 -1 -4.6108 466.3127 167.4116 487.8073 223.8725 1.801887 0.615005 0.767199 -4.061243 1.352709 23.329248 -4.783151 0.66494960
Pedestrian -1 -1 -5.1691 972.2553 114.3042 1125.2609 366.3534 1.849616 0.648258 1.042906 3.511713 1.357251 5.818803 -4.626142 0.54853898
Pedestrian -1 -1 -4.2737 485.6045 167.6426 511.6304 222.9056 1.761765 0.586544 0.722593 -3.362751 1.320435 23.331299 -4.416839 0.49862230
Pedestrian -1 -1 -4.3196 580.7871 165.4573 605.3165 224.4933 1.737419 0.539966 0.619870 -0.278647 1.265754 21.528410 -4.332555 0.42663169
Pedestrian -1 -1 -3.1938 626.3876 173.2258 671.4296 254.6301 1.628626 0.519431 0.887477 0.918324 1.463672 14.635805 -3.131152 0.32546857
Pedestrian -1 -1 -2.7582 589.1558 165.7479 625.5769 225.3110 1.842069 0.576623 1.007424 0.160178 1.355366 22.673838 -2.751160 0.26629075
Pedestrian -1 -1 -2.7399 178.3988 191.7339 285.8581 304.6769 1.364021 0.551974 1.074516 -4.676958 1.498093 9.048152 -3.216924 0.26152512
Pedestrian -1 -1 -2.9071 590.9265 166.3516 623.2964 223.9353 1.834060 0.596556 0.936999 0.159915 1.352018 23.280779 -2.900271 0.22885084
Pedestrian -1 -1 -5.6569 352.2799 187.9822 432.9394 303.4850 1.446763 0.549678 0.859395 -2.787398 1.536283 9.444949 -5.943883 0.21934813
Pedestrian -1 -1 -3.2658 574.0395 166.0759 603.2592 225.0532 1.764693 0.534157 0.826221 -0.422686 1.303643 21.817142 -3.285197 0.18912424
Pedestrian -1 -1 -7.5134 508.7700 167.2879 535.2009 222.9738 1.749179 0.578309 0.898784 -2.572833 1.303200 23.067381 -7.624514 0.16597992
Pedestrian -1 -1 -3.3044 623.4995 171.9457 677.1898 255.2741 1.621549 0.526430 0.991501 0.923793 1.436217 14.289170 -3.239796 0.14058746
Pedestrian -1 -1 -5.8356 142.5799 165.0306 237.9688 305.5704 1.664431 0.567980 0.856460 -5.077995 1.470066 8.822479 -6.357853 0.13988355
Pedestrian -1 -1 -2.9045 188.7153 199.4133 302.7671 298.7136 1.286536 0.489325 1.322121 -4.885087 1.541965 9.831179 -3.365700 0.13211861
Pedestrian -1 -1 -3.0302 591.1832 166.3457 621.7560 223.1534 1.842250 0.591741 0.947545 0.143263 1.351235 23.644695 -3.024116 0.10509747
Cyclist -1 -1 -4.3995 382.8690 167.0956 488.9471 342.0596 1.728604 0.652916 1.714024 -1.828088 1.587000 7.979281 -4.624745 0.94085622
Cyclist -1 -1 -5.1690 501.5696 168.1030 544.5688 226.3682 1.796405 0.645668 1.790426 -2.563191 1.383808 23.075863 -5.279592 0.67374426
Cyclist -1 -1 -2.3190 142.6994 170.5921 304.9701 316.7121 1.699432 0.654689 1.927945 -4.770138 1.573255 8.980052 -2.807257 0.19050649
Cyclist -1 -1 -2.1566 0.0000 182.2288 188.2980 373.0000 1.676179 0.725195 1.747587 -3.371553 1.681623 4.029966 -2.853240 0.15198196
Cyclist -1 -1 -4.1398 0.0000 153.0946 141.8340 373.0000 1.770665 0.667072 1.865017 -2.921561 1.682374 3.227026 -4.875524 0.13629200
Cyclist -1 -1 -4.0145 0.0000 110.5534 210.3242 373.0000 1.794657 0.690354 1.832015 -2.360553 1.619164 2.707415 -4.731587 0.10887276
Cyclist -1 -1 -5.6007 0.0000 181.0197 176.6185 373.0000 1.670652 0.688323 1.623673 -3.793820 1.668563 4.604091 -6.289924 0.10283796
