Car -1 -1 -8.0876 701.7083 169.1101 853.3556 287.7799 1.754522 1.625475 4.120272 2.691315 1.698869 12.748065 -7.879497 0.99997580
Car -1 -1 -2.4143 0.0000 183.4971 216.1842 351.4834 1.529260 1.626363 3.756255 -6.478969 1.652299 7.518491 -3.125580 0.99212247
Car -1 -1 -8.0155 662.2935 179.1152 725.7540 228.8171 1.486189 1.526303 3.436014 2.646847 1.707396 23.771864 -7.904571 0.98869318
Car -1 -1 -7.9368 643.5555 178.2557 681.2379 209.0332 1.425335 1.563416 3.631590 2.518242 1.707327 35.881550 -7.866695 0.98816490
Car -1 -1 -5.6372 0.0000 184.6617 344.2054 304.9124 1.486894 1.625143 3.986329 -6.079100 1.669218 10.140747 -6.177192 0.98639363
Car -1 -1 -5.9727 264.6016 168.4806 467.2531 239.7687 1.828213 1.776968 4.856907 -6.491225 1.715756 19.421930 -6.295285 0.97344685
Car -1 -1 -2.6710 103.5757 186.0578 372.7882 282.2408 1.514980 1.613602 3.794660 -6.291971 1.756308 12.395487 -3.140676 0.97109407
Car -1 -1 -7.9133 631.6577 175.9659 660.6931 201.2331 1.557329 1.635111 4.273225 2.287519 1.769616 47.145390 -7.864797 0.95607239
Car -1 -1 -8.0988 679.1780 180.7659 768.8602 246.1735 1.473433 1.484675 3.256881 2.753291 1.692962 18.355438 -7.949889 0.91889983
Car -1 -1 -2.9101 242.3113 175.8783 420.5176 253.7919 1.709258 1.653970 3.625528 -6.473481 1.784536 16.971161 -3.274480 0.88053918
Car -1 -1 -2.8220 365.1186 172.6676 488.9529 221.2661 1.693790 1.690544 4.020915 -6.613379 1.686993 26.134819 -3.069815 0.84804940
Car -1 -1 -6.0702 421.8137 177.8285 516.4822 210.4084 1.488350 1.622411 4.139419 -6.642915 1.728863 34.075905 -6.262768 0.78063333
Car -1 -1 -2.7134 180.7798 181.6893 390.7210 264.2289 1.571957 1.620004 3.563266 -6.564009 1.762334 14.745125 -3.132273 0.75840062
Car -1 -1 -2.7242 317.2587 167.0457 465.6780 232.1364 1.898888 1.724944 4.006624 -6.695484 1.729143 22.152815 -3.017707 0.38600785
Car -1 -1 -2.9952 440.9867 171.4104 524.4626 206.7669 1.853307 1.747320 4.206130 -6.820464 1.777338 38.753300 -3.169463 0.29526365
