Car -1 -1 -4.4120 302.3556 161.7545 508.5317 297.6140 1.682219 1.774482 4.469696 -2.781867 1.438407 11.175793 -4.655958 0.99979979
Pedestrian -1 -1 -4.5718 603.3875 158.0197 637.3047 238.6400 1.825836 0.664795 0.983693 0.415179 1.294622 16.808220 -4.547153 0.86712265
Pedestrian -1 -1 -7.0103 619.9573 160.1756 669.8238 247.5215 1.742316 0.596870 0.844461 0.857429 1.317537 14.824876 -6.952482 0.84589869
Pedestrian -1 -1 -5.9718 530.0100 161.5678 579.6774 249.7753 1.782940 0.571090 0.897740 -1.001191 1.380632 14.905371 -6.038848 0.84472167
Pedestrian -1 -1 -4.1510 658.0239 149.8224 749.4768 326.3579 1.684587 0.595229 0.798782 1.003257 1.383016 7.351986 -4.015413 0.80676633
Pedestrian -1 -1 -4.8557 712.3719 171.9180 743.0439 245.7895 1.710695 0.618904 0.696320 2.942073 1.489345 16.991739 -4.684257 0.76289314
Pedestrian -1 -1 -4.3955 736.6238 163.6545 801.2202 303.2579 1.594716 0.555006 0.754244 1.980706 1.391552 8.671872 -4.170914 0.75989425
Pedestrian -1 -1 -4.7464 562.5092 155.9316 591.4980 236.7124 1.832084 0.641447 0.943294 -0.617419 1.252752 16.784754 -4.783128 0.65921032
Pedestrian -1 -1 -3.9870 1133.9762 133.7850 1237.0000 318.6891 1.789202 0.519171 0.791709 5.914443 1.328204 7.271106 -3.304141 0.48533738
Pedestrian -1 -1 -6.0259 653.1625 158.7377 703.9632 243.6632 1.819196 0.543296 1.008166 1.662357 1.332170 15.820079 -5.921182 0.25543267
