Car -1 -1 -4.8748 444.7010 173.4461 495.7560 208.5224 1.489761 1.645534 3.998288 -6.216130 1.190374 32.190056 -5.065553 0.99667871
Car -1 -1 -7.0945 0.0000 205.6509 295.1057 369.0000 1.450365 1.586985 3.747397 -3.220695 1.641814 3.485450 -7.840410 0.84301811
Pedestrian -1 -1 -7.7271 964.8516 149.9960 1019.1937 266.0042 1.775715 0.654754 0.967577 6.201505 1.309184 11.406551 -7.229075 0.58313495
Pedestrian -1 -1 -7.1444 1054.0388 154.3097 1092.0853 227.4786 1.769778 0.579970 0.526023 11.506113 1.136626 17.452908 -6.561556 0.19313668
Pedestrian -1 -1 -5.2931 987.6405 156.1972 1022.2690 225.0558 1.825605 0.607092 0.552917 10.725175 1.181593 19.041939 -4.780154 0.17480662
Pedestrian -1 -1 -7.7756 956.9177 154.9742 1003.3463 261.7291 1.717195 0.631012 0.798589 6.258916 1.306984 11.879241 -7.290673 0.12660012
Pedestrian -1 -1 -4.2110 980.9590 155.9209 1016.1705 224.4676 1.846021 0.643151 0.589527 10.795718 1.184396 19.470736 -3.704784 0.12526353
Pedestrian -1 -1 -4.2557 978.6384 155.9224 1012.4680 222.1252 1.820385 0.652343 0.559612 10.933871 1.144879 19.869501 -3.752616 0.11403733
Pedestrian -1 -1 -5.3217 988.3234 137.5435 1067.9946 267.7871 1.827615 0.642893 0.824209 6.125238 1.225233 10.356623 -4.787644 0.11398210
Pedestrian -1 -1 -5.5571 986.3207 156.5017 1019.2739 226.8205 1.836840 0.585754 0.501059 10.534723 1.210281 18.801968 -5.046426 0.10780115
Pedestrian -1 -1 -2.9331 985.9952 153.4256 1006.7689 215.1268 1.824043 0.567829 0.439251 11.732600 1.023948 21.260597 -2.428818 0.10209396
Pedestrian -1 -1 -5.5333 1095.5852 152.0390 1134.6753 224.4150 1.752856 0.560979 0.545932 12.539639 1.063895 17.446583 -4.910055 0.10157926
Pedestrian -1 -1 -4.3464 987.9787 156.2462 1012.4476 216.2512 1.794606 0.545925 0.388836 11.968369 1.069524 21.480282 -3.838096 0.10137109
Pedestrian -1 -1 -2.9409 993.9774 154.6031 1016.4017 226.0322 1.785550 0.542549 0.397856 10.153377 1.138514 18.009752 -2.427556 0.10057692
