Car -1 -1 -8.0568 682.4328 182.8531 778.6505 250.7137 1.431974 1.595317 3.565442 2.769143 1.700482 17.579304 -7.900526 0.99962795
Car -1 -1 -7.9539 654.5634 173.7314 705.7930 218.9867 1.662239 1.621122 3.859632 2.660137 1.698963 28.512680 -7.860897 0.99922049
Car -1 -1 -8.3531 817.3993 190.1204 1241.0000 374.0000 1.430778 1.573284 3.742880 2.891273 1.608312 5.545729 -7.872527 0.99894625
Car -1 -1 -5.7876 207.6502 175.8587 426.7847 249.7668 1.536281 1.671390 4.266272 -6.517342 1.607702 16.154047 -6.171124 0.99755138
Car -1 -1 -2.4791 0.0000 164.1842 278.5639 328.4505 1.726382 1.681944 3.893079 -6.278858 1.634965 8.471885 -3.116901 0.99607974
Car -1 -1 -2.8335 304.4301 163.7745 473.5195 231.3810 1.877193 1.752925 4.366124 -6.364242 1.624788 20.939274 -3.128605 0.98660904
Car -1 -1 -2.8272 398.2770 176.5081 507.4045 218.2433 1.574256 1.643925 3.880208 -6.184602 1.722934 28.405195 -3.041579 0.95643049
Car -1 -1 -5.4285 0.0000 196.3812 143.5773 374.0000 1.481965 1.619682 3.986293 -6.299757 1.698370 5.783384 -6.256594 0.92374891
Car -1 -1 -2.5274 24.8178 175.2162 310.0998 284.4562 1.550211 1.586805 3.501643 -6.786522 1.589535 11.191000 -3.072548 0.69931960
Car -1 -1 -5.6157 388.8429 177.2891 496.8465 220.9230 1.464476 1.581678 3.577031 -6.070800 1.633004 25.991457 -5.845106 0.42438006
Car -1 -1 -7.9860 646.9506 180.9980 690.3950 214.3616 1.463089 1.559385 3.952203 2.717671 1.876519 34.640388 -7.907678 0.14081748
