Car -1 -1 -7.7128 483.9004 175.7082 538.5785 216.8030 1.474754 1.588932 3.636433 -3.566402 1.303043 27.200335 -7.843137 0.99781454
Car -1 -1 -8.3038 936.9570 153.0043 993.8724 183.2793 1.756031 1.649132 3.632281 21.756269 0.161310 42.843151 -7.833929 0.35318628
Car -1 -1 -6.7129 878.8412 157.8142 956.9299 184.8999 1.568895 1.626006 3.896262 18.441572 0.254965 41.795227 -6.297396 0.27880859
Car -1 -1 -8.2285 867.8472 154.5161 917.7795 183.8875 1.711586 1.612416 3.562786 17.428574 0.197505 42.992500 -7.843313 0.25649384
Cyclist -1 -1 -4.3823 334.5977 178.4235 367.5435 224.5455 1.736515 0.654790 1.822875 -9.897209 1.658573 27.536961 -4.727385 0.84443629
Cyclist -1 -1 -6.0197 324.1183 179.0451 377.6274 225.4610 1.775938 0.742652 1.829251 -9.895344 1.720508 27.497658 -6.365152 0.32860619
Cyclist -1 -1 -6.4546 732.5704 159.9058 775.2513 201.9693 1.854496 0.683916 1.771289 6.608705 0.946735 31.545158 -6.248117 0.29012150
Cyclist -1 -1 -6.3752 673.6824 162.7926 711.1028 201.3412 1.883796 0.601185 1.783157 4.283114 1.018635 34.879547 -6.253016 0.22706550
Cyclist -1 -1 -6.2285 587.4067 164.6266 618.3160 197.1921 1.916461 0.645770 1.803290 -0.131122 0.982420 41.978256 -6.231645 0.18692613
Cyclist -1 -1 -6.6055 677.0908 162.0277 714.9050 200.9082 1.914250 0.595644 1.773465 4.517807 1.004944 35.274929 -6.478133 0.10749371
