Car -1 -1 -6.8877 943.8370 191.3262 1241.0000 321.3996 1.490763 1.624976 3.668251 6.465177 1.749904 9.317661 -6.281101 0.99855906
Car -1 -1 -6.5250 729.3735 185.0787 883.2531 238.1248 1.475320 1.655161 4.107615 5.661931 1.851026 21.329214 -6.265533 0.99584264
Car -1 -1 -7.9265 636.2347 182.4144 674.4194 212.9902 1.384298 1.612996 3.613653 2.149671 1.880029 35.619705 -7.866216 0.99290895
Car -1 -1 -5.9401 395.3456 180.2814 507.1396 220.8168 1.548003 1.674992 4.068791 -6.389742 1.857844 29.040960 -6.156630 0.98444092
Car -1 -1 -2.7701 209.3259 173.8626 423.1725 256.7463 1.734956 1.698857 4.051225 -6.435657 1.758235 15.996434 -3.152608 0.98396391
Car -1 -1 -5.7680 29.3510 182.5048 383.9051 298.7567 1.606789 1.703075 4.470258 -6.007768 1.765555 11.006203 -6.267612 0.97930211
Car -1 -1 -6.8123 873.5486 181.2684 1155.4095 291.6790 1.622887 1.643211 3.631169 6.308710 1.768323 11.618246 -6.314859 0.97272384
Car -1 -1 -2.1982 0.0000 194.0553 229.9810 374.0000 1.408704 1.603609 4.230841 -5.946151 1.637996 6.589886 -2.932322 0.92904168
Car -1 -1 -5.8442 152.2250 185.3936 403.2043 271.6656 1.477483 1.557783 3.945672 -6.090551 1.723893 13.393117 -6.271043 0.70635164
Car -1 -1 -2.6320 321.2701 184.4746 461.9273 237.0994 1.415213 1.559975 3.630048 -6.387750 1.772619 21.061077 -2.926453 0.66474521
Car -1 -1 -2.7856 261.2585 180.9081 434.9597 244.9617 1.524584 1.610228 3.797029 -6.564113 1.736693 18.204929 -3.131675 0.59722358
Car -1 -1 -4.6489 559.5765 178.6407 581.7413 197.8399 1.536926 1.620478 4.035082 -3.320313 2.042130 61.005806 -4.703248 0.22771493
Car -1 -1 -5.3862 0.0000 190.4285 292.6184 333.8961 1.483607 1.575681 3.811312 -6.195726 1.736923 9.097941 -5.984050 0.20816098
Car -1 -1 -5.3778 0.0000 148.8685 85.1379 374.0000 1.681664 1.766786 4.430215 -5.884753 1.581774 4.022870 -6.348912 0.12539090
