Pedestrian -1 -1 -4.8050 648.0372 132.3393 710.7000 298.6008 1.892229 0.658718 0.926701 0.821007 1.344524 8.511478 -4.708826 0.95398647
Pedestrian -1 -1 -4.7201 537.7167 137.2956 565.1725 217.3181 1.838561 0.630166 0.769112 -1.308641 0.846253 16.655087 -4.798491 0.92098594
Pedestrian -1 -1 -4.8917 707.5087 135.0349 772.7509 295.5305 1.871285 0.631911 0.887476 1.586497 1.341600 8.687934 -4.711075 0.90400720
Pedestrian -1 -1 -4.7162 571.1848 136.5831 596.3207 215.6736 1.842521 0.585733 0.659758 -0.550458 0.819752 16.812033 -4.748890 0.85582131
Pedestrian -1 -1 -4.5228 412.5813 140.2805 447.1044 218.3946 1.885599 0.691312 0.807477 -4.364383 0.915067 17.489594 -4.767336 0.78974134
Pedestrian -1 -1 -4.6364 497.5491 138.1207 524.7750 213.7538 1.829435 0.619495 0.666701 -2.351614 0.804680 17.453014 -4.770296 0.68621749
Pedestrian -1 -1 -4.5795 445.3095 137.5165 473.2914 213.1519 1.874147 0.613907 0.648342 -3.716107 0.809396 17.865231 -4.784580 0.48375222
Pedestrian -1 -1 -4.5740 520.3661 138.7610 545.6629 204.4911 1.834542 0.629436 0.675597 -2.077418 0.669900 20.082592 -4.677094 0.35087034
Pedestrian -1 -1 -4.5879 473.4610 138.9116 500.6375 211.9315 1.847437 0.619815 0.622962 -3.073152 0.795553 18.213106 -4.755100 0.35033259
Pedestrian -1 -1 -6.4821 277.1566 129.5049 324.3052 242.2818 1.814102 0.602282 0.613712 -5.128012 0.994190 11.795973 -6.892201 0.26412812
Pedestrian -1 -1 -4.6105 522.0316 139.5426 545.3687 201.9915 1.808702 0.621713 0.654042 -2.130325 0.622753 20.805285 -4.712577 0.25931931
Pedestrian -1 -1 -4.1872 521.2137 134.3469 555.4146 204.7327 1.852945 0.619526 0.767009 -1.835189 0.638253 19.091095 -4.283062 0.23393349
Pedestrian -1 -1 -7.7142 439.0629 139.9126 466.0628 203.7635 1.844721 0.674861 0.805350 -4.525501 0.672405 20.853888 -7.927887 0.20848510
Pedestrian -1 -1 -4.7359 528.7254 139.6797 551.4376 203.2403 1.803260 0.636125 0.639250 -1.917041 0.645461 20.414110 -4.829551 0.19330408
Pedestrian -1 -1 -7.7041 523.8616 140.6916 547.4041 200.9161 1.812820 0.627350 0.656028 -2.153153 0.614836 21.626392 -7.803372 0.17890310
Pedestrian -1 -1 -4.5348 490.4221 137.1055 516.9625 203.1460 1.838312 0.630597 0.713703 -2.904819 0.630681 20.048813 -4.678648 0.14932825
Pedestrian -1 -1 -4.7869 519.3940 143.1874 539.7563 196.9571 1.847493 0.657395 0.666438 -2.669378 0.565717 24.681059 -4.894651 0.14847574
Pedestrian -1 -1 -4.3373 524.5068 132.0706 556.1283 205.9091 1.880254 0.596286 0.731377 -1.721584 0.647349 18.438795 -4.430403 0.14451750
Pedestrian -1 -1 -4.5671 522.6232 140.0923 546.3621 201.2201 1.805826 0.623149 0.650404 -2.148616 0.612402 21.226267 -4.667936 0.14163345
Pedestrian -1 -1 -3.9771 487.8169 136.1398 526.1418 207.8819 1.881236 0.609523 0.853330 -2.677998 0.718328 19.064569 -4.116642 0.13872470
Pedestrian -1 -1 -4.6425 530.7500 137.2230 554.9312 203.0809 1.817462 0.632233 0.686474 -1.779047 0.623465 19.861565 -4.731850 0.13628821
Pedestrian -1 -1 -4.8343 571.2657 138.8718 595.8927 202.8931 1.804080 0.635721 0.599906 -0.656779 0.631325 20.269440 -4.866660 0.13024893
Pedestrian -1 -1 -4.6864 496.1552 138.5930 517.4637 202.0154 1.834995 0.605944 0.717991 -2.926979 0.622801 20.847988 -4.825903 0.12800556
Pedestrian -1 -1 -4.5958 509.4394 139.4743 532.4407 201.8614 1.807522 0.597429 0.701318 -2.509178 0.619194 20.836760 -4.715627 0.11976267
Pedestrian -1 -1 -7.8488 499.7092 140.4659 519.9763 201.8737 1.846335 0.605144 0.672478 -2.946515 0.642928 21.631403 -7.984215 0.11718892
Pedestrian -1 -1 -4.6871 548.1740 137.6408 569.9294 203.2074 1.829551 0.601889 0.638229 -1.337215 0.633925 20.060558 -4.753638 0.11479375
Pedestrian -1 -1 -4.5903 461.6122 139.0948 486.7298 213.3000 1.847785 0.558294 0.606706 -3.352776 0.817078 17.926519 -4.775150 0.11205964
Pedestrian -1 -1 -4.0161 503.4079 135.6507 540.7999 206.8191 1.867460 0.596362 0.850028 -2.270861 0.690930 19.071867 -4.134604 0.11008424
Cyclist -1 -1 -4.6048 519.8988 138.6050 542.7781 190.5628 1.700128 0.612913 1.516681 -2.510822 0.329540 23.894825 -4.709460 0.17047913
Cyclist -1 -1 -5.7587 234.5947 129.8537 345.5646 239.5535 1.812316 0.517458 1.691786 -5.391806 0.975984 12.025305 -6.180155 0.12599730
Cyclist -1 -1 -4.7632 525.2898 139.1937 547.8218 198.1331 1.720183 0.595671 1.586850 -2.126456 0.514928 21.464619 -4.861912 0.11525567
Cyclist -1 -1 -4.2931 509.9221 140.7518 544.3387 192.0970 1.715312 0.613719 1.534169 -2.709624 0.387694 24.444775 -4.403448 0.10481656
Cyclist -1 -1 -4.3511 516.4054 136.0952 551.1558 190.3362 1.703834 0.610267 1.581953 -2.339978 0.309257 23.052900 -4.452260 0.10351849
