Car -1 -1 -8.1663 796.8109 0.0000 1237.0000 373.0000 2.310311 2.051319 5.985909 2.653870 1.566074 5.013556 -7.679414 0.45533729
Pedestrian -1 -1 -6.2002 571.2536 169.8606 610.7800 249.7781 1.699681 0.623496 0.812198 -0.257879 1.452704 15.615566 -6.216688 0.94584215
Pedestrian -1 -1 -7.5169 236.7754 157.8395 301.9675 286.1894 1.822158 0.659780 0.767243 -4.933371 1.486909 10.612144 -7.952075 0.85801041
Pedestrian -1 -1 -5.5273 1.2077 175.6879 135.5646 366.6636 1.671432 0.620417 0.786322 -4.955060 1.621286 6.640124 -6.168369 0.83591521
Pedestrian -1 -1 -7.8535 614.7507 166.8144 633.2971 220.7776 1.753251 0.602482 0.854825 0.719261 1.276552 23.775009 -7.823230 0.81353235
Pedestrian -1 -1 -7.5258 461.0027 167.9121 499.6344 251.0122 1.726428 0.599983 0.769882 -2.618990 1.444710 15.351241 -7.694819 0.45079002
Pedestrian -1 -1 -6.1440 633.3359 164.0967 649.7209 202.3098 1.871455 0.530085 0.743034 1.973966 1.019373 35.511810 -6.088439 0.23619965
Pedestrian -1 -1 -4.6670 596.8303 164.7641 613.2576 209.1073 1.858283 0.664881 0.764553 0.139873 1.157251 30.501585 -4.662399 0.18402959
Pedestrian -1 -1 -6.1667 632.8947 163.0608 648.5930 202.5613 1.890850 0.518158 0.702460 1.889620 1.008428 34.701004 -6.112348 0.17419530
Pedestrian -1 -1 -6.1105 633.0391 163.4292 649.4597 202.1376 1.873999 0.518436 0.723660 1.937190 0.999372 35.111130 -6.055385 0.15475526
Pedestrian -1 -1 -6.2450 636.5534 165.3371 651.1854 202.1927 1.846434 0.564556 0.717985 2.137995 1.036904 36.303768 -6.186189 0.13828862
Pedestrian -1 -1 -6.1382 635.9732 164.4878 651.8572 201.9031 1.853073 0.555093 0.720951 2.116857 1.010732 35.921822 -6.079302 0.12192781
Cyclist -1 -1 -4.6913 464.6626 165.7991 496.9376 254.4923 1.786325 0.643401 1.703326 -2.601799 1.470684 15.357163 -4.859088 0.15592709
