Car -1 -1 -4.6821 589.1543 170.8316 636.9315 214.4923 1.531260 1.678819 4.196460 0.481706 1.157501 27.329351 -4.664474 0.99901628
Car -1 -1 -5.1782 906.9914 155.4036 1014.6201 204.2780 1.571624 1.705137 4.059589 12.397799 0.732894 25.135244 -4.719927 0.11681205
Pedestrian -1 -1 -8.2444 985.2581 129.9003 1090.1515 316.5080 1.780378 0.685760 0.700653 4.322990 1.288790 7.250308 -7.706693 0.78969210
Pedestrian -1 -1 -8.0856 791.0681 151.4502 829.4269 236.5780 1.758109 0.635716 0.687454 4.367368 1.138080 15.194131 -7.805694 0.56202203
Pedestrian -1 -1 -4.6688 574.8907 163.6842 589.9734 202.4350 1.893369 0.710987 0.840808 -0.945645 1.023118 35.524319 -4.695382 0.49053651
Pedestrian -1 -1 -4.1892 570.3964 163.1047 590.3533 202.0512 1.939401 0.646825 0.898801 -1.070525 1.023599 36.319611 -4.218667 0.29202279
Pedestrian -1 -1 -3.9535 568.4216 163.8003 589.2266 201.8321 1.915457 0.625483 0.885690 -1.162461 1.024232 36.717365 -3.985174 0.20635462
Pedestrian -1 -1 -4.6389 576.3882 164.9853 591.9844 203.7043 1.864687 0.704463 0.798091 -0.847518 1.069588 35.010620 -4.663081 0.12666990
Pedestrian -1 -1 -6.8670 568.9950 165.0377 588.6013 202.1102 1.890915 0.596663 0.819448 -1.177748 1.051446 37.119450 -6.898718 0.11536962
Cyclist -1 -1 -3.4300 883.0814 139.5268 1237.0000 373.0000 1.765552 0.796758 1.868116 2.120226 1.633731 2.952391 -2.807183 0.17996889
Cyclist -1 -1 -3.3556 956.1176 142.0125 1168.2379 325.2285 1.694294 0.599508 1.699508 4.489720 1.329848 7.210804 -2.798728 0.11770392
