Car -1 -1 -4.4126 316.3804 191.4235 429.0415 258.9807 1.464864 1.646942 4.069816 -6.078576 2.001419 18.814873 -4.725105 0.99883956
Car -1 -1 -4.2731 161.8719 199.6029 353.1274 306.0916 1.466137 1.570184 3.713899 -6.025852 2.006595 12.727439 -4.715332 0.99712151
Car -1 -1 -8.0020 687.9084 177.0350 765.7138 232.9442 1.422401 1.589433 4.071884 3.191945 1.553880 20.701773 -7.849060 0.99594408
Car -1 -1 -7.9603 671.7773 174.8576 726.9142 220.9165 1.541314 1.588152 3.628476 3.119476 1.618632 26.128241 -7.841477 0.99506539
Car -1 -1 -4.0616 0.0000 213.1647 236.5094 374.0000 1.431985 1.617390 3.838484 -5.998940 1.985083 7.981253 -4.706161 0.99389064
Car -1 -1 -4.4552 411.8526 188.1723 481.8925 234.1581 1.465003 1.574819 3.732521 -5.867291 2.059898 26.141794 -4.676025 0.99171269
Car -1 -1 -3.6889 944.5603 137.6585 1198.9287 225.2125 1.655694 1.664490 4.035295 9.075520 0.989828 14.500854 -3.129696 0.98899466
Car -1 -1 -3.5003 804.4522 156.1531 965.3095 210.9476 1.624865 1.669187 4.319311 8.327912 1.129320 22.231585 -3.141891 0.91427952
Car -1 -1 -6.8307 854.5154 151.7757 1029.8264 209.8174 1.490536 1.586971 4.093307 8.890676 0.948937 19.564018 -6.404112 0.81771392
Car -1 -1 -4.5586 489.8043 184.0136 528.8802 212.2705 1.459099 1.586349 4.113915 -5.696105 2.124331 40.961468 -4.696760 0.75666392
Car -1 -1 -3.7611 915.1964 140.0453 1114.7852 213.6415 1.622937 1.635220 3.859720 9.376253 0.899144 16.943237 -3.255656 0.65508842
