Car -1 -1 -7.3128 0.0000 174.5374 413.9473 374.0000 1.628943 1.628717 3.971782 -2.754482 1.644529 4.806873 -7.833189 0.99609828
Car -1 -1 -7.8610 597.0553 173.1182 623.9897 200.8189 1.682586 1.637743 3.971797 -0.018121 1.699805 45.857285 -7.861348 0.99136472
Car -1 -1 -4.5448 428.6043 181.3422 468.3051 207.8164 1.495401 1.703725 4.176632 -9.884096 2.040734 44.251797 -4.764531 0.98884612
Car -1 -1 -4.1530 119.4020 195.1600 341.6453 301.2079 1.449311 1.575195 3.982301 -6.480645 1.907562 12.778911 -4.622317 0.15615666
Pedestrian -1 -1 -3.4217 768.8447 149.9838 844.8417 271.6042 1.758386 0.550323 0.972880 2.854031 1.427429 10.716720 -3.161377 0.75731856
Pedestrian -1 -1 -3.8574 696.8044 160.5790 743.7358 249.3086 1.698696 0.578947 0.710728 2.122401 1.463396 14.248754 -3.709522 0.66919541
Pedestrian -1 -1 -8.1220 751.1144 155.2460 800.4087 254.5677 1.795124 0.683246 0.892864 3.033479 1.476580 13.502958 -7.901002 0.59767985
Pedestrian -1 -1 -3.2308 724.8714 153.5283 776.3716 260.8500 1.777558 0.564092 0.809722 2.325423 1.457169 12.271087 -3.043536 0.55023658
Pedestrian -1 -1 -4.2644 697.1782 154.2114 747.0638 248.9462 1.735228 0.659042 0.798282 2.084972 1.393457 13.731597 -4.113680 0.25221971
Pedestrian -1 -1 -3.3023 725.9229 146.5800 789.2803 263.8523 1.847686 0.531193 0.926751 2.315773 1.433425 11.650081 -3.106091 0.22630796
Pedestrian -1 -1 -3.0969 728.9639 151.2544 780.2339 260.3020 1.846879 0.540848 0.855532 2.473178 1.480760 12.584194 -2.902868 0.21253119
Pedestrian -1 -1 -3.2165 705.0300 150.5093 757.1090 253.4208 1.845614 0.539779 0.902552 2.157734 1.444585 13.247952 -3.055027 0.16516431
Pedestrian -1 -1 -2.7995 735.3514 150.0883 796.8454 258.3679 1.852570 0.533625 0.944301 2.718180 1.462769 12.819415 -2.590522 0.14244567
