Car -1 -1 -4.6010 554.3456 177.4036 600.0136 212.3217 1.525171 1.671633 4.232134 -1.081045 1.346540 33.551270 -4.633252 0.99940479
Pedestrian -1 -1 -4.3622 397.7429 169.5396 446.9889 269.8335 1.729454 0.629742 0.763735 -3.222055 1.523828 12.799243 -4.608799 0.97162026
Pedestrian -1 -1 -4.7573 830.9673 162.3304 871.7043 268.4664 1.788322 0.631955 0.877859 4.330101 1.465950 12.613672 -4.426609 0.94760609
Pedestrian -1 -1 -4.8497 868.3128 158.2533 913.3826 271.4685 1.798640 0.589669 0.738499 4.712556 1.429955 11.841160 -4.470936 0.92356890
Pedestrian -1 -1 -4.9143 714.9274 169.0072 775.1841 296.4286 1.727174 0.673938 0.850040 1.967617 1.558499 10.165496 -4.723087 0.91017455
Pedestrian -1 -1 -4.7972 763.5471 163.4088 798.5690 254.9345 1.805419 0.622579 0.789928 3.601543 1.449143 14.608495 -4.555520 0.75801152
Pedestrian -1 -1 -7.8640 644.1118 167.1762 669.6455 237.2770 1.822999 0.662792 1.065003 1.442927 1.451015 19.233461 -7.789073 0.71249145
Pedestrian -1 -1 -5.0316 777.1387 162.7145 813.5094 237.7807 1.811573 0.632587 0.846731 4.751845 1.358756 17.776564 -4.770417 0.64448583
Pedestrian -1 -1 -3.6850 324.0519 169.0294 375.6237 268.3951 1.730501 0.577531 0.676429 -4.577714 1.513936 12.954797 -4.024635 0.46887103
Pedestrian -1 -1 -4.7075 690.3419 171.7919 723.0051 265.6640 1.737517 0.600044 0.638260 1.957647 1.558429 13.655656 -4.565120 0.42524624
Pedestrian -1 -1 -6.0076 736.8272 171.2857 796.2693 287.7113 1.686286 0.554807 0.752077 2.445228 1.538996 10.827495 -5.785541 0.18742198
Pedestrian -1 -1 -7.1336 658.3264 172.7421 694.3359 239.1505 1.684982 0.570445 0.763864 1.915769 1.463286 18.695213 -7.031472 0.13911937
Cyclist -1 -1 -5.0050 678.4914 171.2443 738.5516 271.2381 1.745876 0.612525 1.791345 1.931123 1.567428 13.473434 -4.862600 0.46225664
