Car -1 -1 -4.6112 559.1302 178.6719 602.1131 212.4026 1.532761 1.670127 4.142404 -0.958776 1.404524 34.768921 -4.638803 0.99889767
Pedestrian -1 -1 -4.0301 414.7150 173.2600 461.8309 264.4443 1.759586 0.640563 0.663258 -3.284227 1.601171 14.300598 -4.255817 0.95790905
Pedestrian -1 -1 -4.5872 801.6998 164.5629 837.3771 254.3574 1.749736 0.597336 0.780997 4.360101 1.420290 14.475567 -4.294678 0.92550069
Pedestrian -1 -1 -4.6954 760.3365 163.2886 791.8610 253.0623 1.831660 0.628189 0.943093 3.658801 1.460671 15.191483 -4.459015 0.90079904
Pedestrian -1 -1 -4.9805 839.7706 160.4956 883.2169 255.9686 1.751233 0.583357 0.781343 4.864581 1.366560 13.587825 -4.636683 0.84617555
Pedestrian -1 -1 -7.8278 781.9266 163.2343 808.2435 234.1098 1.764167 0.629960 0.878792 4.928750 1.310039 18.390882 -7.565956 0.73882657
Pedestrian -1 -1 -5.4707 722.7221 172.6944 779.6266 286.6724 1.719675 0.560167 0.678766 2.299071 1.587463 11.274245 -5.269518 0.72643167
Pedestrian -1 -1 -7.8554 644.0565 169.6839 668.7366 237.8540 1.822044 0.658480 1.063676 1.475337 1.506727 19.754084 -7.780838 0.67784244
Pedestrian -1 -1 -4.1440 678.4094 172.4029 725.1748 260.8825 1.706615 0.626385 0.738782 1.964853 1.531741 14.339707 -4.007864 0.58510023
Pedestrian -1 -1 -5.3219 704.7709 172.5656 766.5222 288.7359 1.694851 0.609553 0.739021 1.989543 1.565153 10.942933 -5.142097 0.53960246
Pedestrian -1 -1 -6.9995 367.4207 171.7054 408.6217 256.5273 1.666002 0.557231 0.572066 -4.345920 1.474212 14.499554 -7.290752 0.21336511
Pedestrian -1 -1 -6.0576 7.8965 197.1909 78.7592 295.9881 1.363993 0.590837 0.702515 -8.157425 1.602334 10.465650 -6.719653 0.20495275
Pedestrian -1 -1 -4.8715 811.4879 161.7473 841.5547 231.3475 1.725434 0.606192 0.805319 5.673773 1.236278 18.249559 -4.570075 0.17227490
Pedestrian -1 -1 -4.7256 817.5986 161.7356 844.8033 235.9959 1.750804 0.613938 0.830290 5.527012 1.285368 17.422173 -4.418362 0.16286780
Pedestrian -1 -1 -3.6374 710.2531 162.2939 779.9000 260.5837 1.874302 0.627046 1.192640 2.787167 1.508655 14.174555 -3.443212 0.15149699
Pedestrian -1 -1 -6.9378 655.8848 171.9721 695.2195 238.6716 1.728910 0.602809 0.848725 1.935602 1.482451 19.099401 -6.836838 0.15038054
Pedestrian -1 -1 -3.2494 694.8299 163.5390 751.0889 258.5456 1.893955 0.538823 1.074845 2.420821 1.536488 14.619207 -3.085340 0.10990321
Pedestrian -1 -1 -7.0437 645.2354 171.5292 684.2557 239.7776 1.788969 0.555261 0.916425 1.671936 1.528118 19.332397 -6.957447 0.10441167
Cyclist -1 -1 -2.4302 0.0000 182.9129 106.0736 297.3594 1.616881 0.670044 1.860427 -8.453805 1.638946 10.524530 -3.106955 0.24917862
Cyclist -1 -1 -3.8136 0.0000 186.1882 83.3527 298.9543 1.516332 0.661197 1.542504 -8.634846 1.591206 10.551243 -4.499460 0.18132298
Cyclist -1 -1 -3.9643 0.0000 180.9578 96.3459 304.3038 1.604752 0.583934 1.666207 -8.138762 1.598367 10.198194 -4.637814 0.16690831
Cyclist -1 -1 -2.6759 0.0000 177.6182 100.3130 302.7336 1.665583 0.734142 1.820909 -8.303736 1.614573 10.120765 -3.362959 0.10062572
