Car -1 -1 -8.9013 914.7137 184.1114 1231.3246 303.9106 1.408128 1.551895 3.723186 6.638758 1.608624 10.863967 -8.352749 0.99876225
Car -1 -1 -2.8074 275.6561 191.2962 448.8891 249.9492 1.432110 1.654865 3.989084 -6.470412 1.938470 18.983896 -3.135854 0.99737215
Car -1 -1 -8.0696 662.7610 184.1582 734.2983 234.4732 1.426328 1.552474 3.418081 2.697099 1.814682 23.030176 -7.953029 0.99736303
Car -1 -1 -8.0133 637.1309 180.9700 684.4962 217.4036 1.507652 1.566762 3.614362 2.194241 1.894678 32.563114 -7.945976 0.99245876
Car -1 -1 -2.6788 42.3850 191.4460 330.9447 294.7956 1.503971 1.617691 3.725088 -6.764515 1.830068 11.748782 -3.201194 0.97479588
Car -1 -1 -2.6676 147.3712 192.6031 365.9714 275.2214 1.484574 1.575389 3.532044 -6.887284 1.895202 14.186921 -3.119534 0.88699526
Car -1 -1 -2.3905 0.0000 154.4887 252.3769 374.0000 1.935284 1.738828 4.125884 -5.937639 1.784752 6.846846 -3.104900 0.87288207
Car -1 -1 -6.0986 434.0931 185.0579 528.2163 216.7237 1.531161 1.549095 4.452635 -6.471447 2.158110 36.292595 -6.275065 0.87078762
Car -1 -1 -3.1757 349.1140 189.7455 465.8057 237.1754 1.435131 1.580694 3.633143 -6.788062 2.028812 24.067240 -3.450558 0.33795553
Car -1 -1 -2.9311 443.5400 179.0035 521.8507 211.0717 1.750885 1.725231 4.079353 -7.173550 2.105342 40.689323 -3.105586 0.29134426
Car -1 -1 -6.0077 383.8356 183.2853 494.2608 222.0268 1.570196 1.676939 4.273780 -7.254114 2.026811 30.674898 -6.239950 0.16692866
