Car -1 -1 -8.0895 642.7374 173.8487 732.2279 232.9137 1.555030 1.657935 4.189195 2.111912 1.587052 21.257866 -7.990523 0.99966788
Car -1 -1 -8.1051 716.6358 174.3151 949.8066 334.2669 1.481254 1.645780 3.773783 2.301030 1.502229 8.611516 -7.844007 0.99963129
Car -1 -1 -7.8012 471.3677 175.8552 532.7661 232.6116 1.545802 1.638004 3.548812 -3.215070 1.643389 21.690239 -7.948334 0.99948668
Car -1 -1 -2.5473 0.0000 193.5450 203.2018 288.6218 1.426240 1.603278 3.814715 -9.264661 1.799920 12.130779 -3.199495 0.99678874
Car -1 -1 -7.7893 484.9291 172.1848 535.7429 222.1501 1.718353 1.627994 3.685812 -3.668571 1.695038 26.710857 -7.925755 0.97254217
Car -1 -1 -7.7166 516.4375 176.9700 557.9077 208.6664 1.472014 1.568012 3.627592 -3.605371 1.686604 35.828846 -7.816905 0.96552104
Car -1 -1 -7.9910 638.2450 175.1516 689.2393 218.2798 1.517722 1.495657 3.069964 1.923580 1.608881 27.141155 -7.920224 0.65145707
Car -1 -1 -7.9507 623.1738 172.6173 659.5838 206.1001 1.684250 1.576280 3.554264 1.574916 1.672046 38.112793 -7.909358 0.16807635
Pedestrian -1 -1 -8.4195 625.1443 169.5306 642.2307 205.7926 1.810670 0.589599 0.681008 1.155746 1.644421 36.471634 -8.387870 0.14216690
Cyclist -1 -1 -7.9590 625.4440 169.4169 641.8256 205.4635 1.791796 0.636810 1.898096 1.156454 1.620646 36.835941 -7.927613 0.10209591
