Car -1 -1 -6.8546 892.2444 188.7724 1190.6263 292.5651 1.452556 1.627158 3.719920 6.534181 1.720749 11.271715 -6.329264 0.99939597
Car -1 -1 -6.5973 723.5765 180.8738 856.4847 230.7953 1.519536 1.660155 3.825808 5.688296 1.788359 23.243446 -6.357298 0.99517715
Car -1 -1 -2.7962 261.1799 171.4530 444.3895 243.0640 1.702609 1.684835 3.971668 -6.365483 1.669001 18.008839 -3.135913 0.99091983
Car -1 -1 -5.8003 134.9953 176.5099 417.5515 272.0605 1.576476 1.683617 4.313540 -5.896927 1.646591 12.937601 -6.227940 0.99038094
Car -1 -1 -7.9189 637.5158 181.2212 673.1505 208.9206 1.345417 1.628140 3.664021 2.302806 1.806960 37.991074 -7.858391 0.98972017
Car -1 -1 -2.5008 0.0000 187.6211 303.8636 329.6778 1.445539 1.611530 4.082954 -5.986746 1.633706 8.363355 -3.122110 0.98682320
Car -1 -1 -6.0201 413.2550 178.3612 514.9590 214.7039 1.502213 1.635431 4.003551 -6.273726 1.746138 31.054056 -6.219429 0.96315521
Car -1 -1 -6.7032 841.4476 179.0186 1085.7290 273.8309 1.646657 1.654322 3.760931 6.422015 1.769275 13.515819 -6.259646 0.94691616
Car -1 -1 -2.3089 0.0000 189.9491 149.3849 374.0000 1.475181 1.593699 3.814791 -6.227049 1.634253 5.892424 -3.121909 0.93214101
Car -1 -1 -2.7148 344.6926 178.9473 475.1461 230.0133 1.495318 1.581396 3.576413 -6.225614 1.693468 22.440182 -2.985381 0.75553846
Car -1 -1 -5.7813 217.7207 180.9429 427.6739 256.2299 1.477294 1.562461 3.890758 -6.104280 1.660955 15.392992 -6.158860 0.53005576
Car -1 -1 -3.1046 444.6712 177.4653 527.6635 210.0601 1.497329 1.614787 3.822975 -5.917209 1.724235 34.497421 -3.274472 0.23015115
Car -1 -1 -5.6246 31.7808 185.8095 334.9666 299.0581 1.437852 1.534783 3.563916 -6.079624 1.641645 10.377020 -6.154547 0.22522788
Car -1 -1 -2.8508 305.8168 179.4525 456.8363 235.8408 1.504567 1.609264 3.741878 -6.389503 1.697317 20.278425 -3.156037 0.21759257
Car -1 -1 -7.8154 562.8253 177.2738 583.0307 195.6242 1.474782 1.556373 3.879527 -3.125495 1.859324 60.876850 -7.866726 0.12389571
