Car -1 -1 -7.1857 1187.5039 168.0500 1237.0000 282.7412 1.481820 1.575915 3.626117 10.685822 1.308716 10.238550 -6.378885 0.40591779
Car -1 -1 -4.6400 541.7113 159.7641 571.4087 186.9027 1.776497 1.728347 4.230371 -3.017124 0.353688 49.146935 -4.701360 0.14194585
Pedestrian -1 -1 -7.6496 769.1236 153.4710 816.9621 271.2548 1.704632 0.566952 0.714812 2.852372 1.299632 10.842397 -7.392368 0.96597457
Pedestrian -1 -1 -8.2476 667.9531 151.5528 695.8385 218.7329 1.804370 0.591027 0.549633 2.163024 1.000528 19.640146 -8.137930 0.34524998
Pedestrian -1 -1 -4.4757 363.4383 161.3873 387.2482 214.0687 1.869474 0.670783 0.713183 -8.160424 1.156143 25.869953 -4.781251 0.22455631
Pedestrian -1 -1 -7.5383 362.9525 161.0378 387.4052 213.2750 1.886175 0.679420 0.671667 -8.294500 1.147717 26.276737 -7.844108 0.17376824
Pedestrian -1 -1 -6.9257 364.1003 160.2626 390.4357 211.9099 1.883816 0.674941 0.660642 -8.343453 1.109573 26.666317 -7.228899 0.11464278
Pedestrian -1 -1 -7.6079 361.2250 158.1371 385.3096 211.3006 1.850077 0.663705 0.690203 -8.075054 1.037457 25.362986 -7.916159 0.10549714
Cyclist -1 -1 -7.6859 442.7092 157.7931 487.3231 252.5262 1.749444 0.578532 1.780595 -2.702936 1.312250 14.161605 -7.874539 0.97784948
Cyclist -1 -1 -4.4075 346.4059 155.2180 418.2356 276.5959 1.759777 0.573163 1.792000 -3.451664 1.379383 11.313130 -4.703658 0.97015780
Cyclist -1 -1 -4.1786 1183.6523 155.1718 1237.0000 276.1073 1.694073 0.808959 1.927871 9.776527 1.325923 10.732290 -3.439756 0.13208836
Cyclist -1 -1 -4.4102 358.1240 162.0921 390.2328 213.3295 1.780491 0.621086 1.714108 -8.173885 1.106475 25.820463 -4.716810 0.12608321
