Car -1 -1 -8.1403 736.7872 181.4135 960.1613 322.9049 1.450055 1.620382 4.187650 2.840518 1.590211 9.744109 -7.856613 0.99989939
Car -1 -1 -7.9605 681.6171 172.1483 740.5121 221.6802 1.594440 1.624314 3.718258 3.393156 1.571424 25.107449 -7.826128 0.99948239
Car -1 -1 -2.4231 0.0000 191.5853 262.2919 368.5970 1.474956 1.651165 4.148233 -5.929019 1.680531 7.063094 -3.121396 0.99271601
Car -1 -1 -5.7442 64.5370 185.1466 363.9675 281.9565 1.473309 1.655981 4.159133 -6.555816 1.695325 12.131582 -6.239633 0.99100578
Car -1 -1 -2.9594 397.2397 179.1043 508.6848 218.5008 1.477682 1.627866 4.030940 -6.118752 1.729417 28.218325 -3.172966 0.96634096
Car -1 -1 -7.9811 673.7131 170.1118 722.4427 215.7575 1.778787 1.576613 3.317919 3.535940 1.671623 29.783791 -7.862910 0.90705502
Car -1 -1 -2.9768 438.9404 175.7582 524.9380 210.4188 1.579821 1.637088 3.757424 -6.002244 1.719207 33.866451 -3.152209 0.83118075
Car -1 -1 -2.8799 337.8870 182.3346 496.8915 233.1467 1.422194 1.581957 4.268946 -5.645453 1.712075 21.288555 -3.139170 0.75293928
Car -1 -1 -5.6346 0.0000 185.0979 299.1064 310.9788 1.489783 1.514801 3.808644 -6.405373 1.666731 9.576745 -6.224121 0.34677866
Car -1 -1 -2.9840 474.3868 174.1559 548.0135 206.5431 1.649517 1.688465 3.592073 -5.160660 1.718841 37.702621 -3.120004 0.16463034
Car -1 -1 -5.4285 0.0000 179.8259 92.5998 374.0000 1.556293 1.678340 3.956497 -6.032816 1.610497 4.694326 -6.338039 0.15295191
Car -1 -1 -5.8287 134.8755 172.4769 331.0926 241.0250 1.621199 1.551604 4.042978 -9.286668 1.611981 17.889486 -6.307509 0.14605162
