Car -1 -1 -8.1010 710.6548 189.1962 874.5820 298.5629 1.401399 1.650043 3.670659 2.687169 1.706918 11.650743 -7.874331 0.99982244
Car -1 -1 -7.9709 662.4347 177.7249 729.7889 235.3259 1.616814 1.627808 3.797472 2.545578 1.781087 22.476751 -7.858102 0.99956948
Car -1 -1 -5.6741 0.0000 186.6665 316.6613 307.7968 1.506283 1.676462 4.182366 -6.583832 1.716196 10.079584 -6.252739 0.99932671
Car -1 -1 -2.7380 185.1164 169.9973 412.2663 262.0699 1.796269 1.710621 3.964298 -6.361806 1.740237 14.933614 -3.140772 0.99791604
Car -1 -1 -2.8612 325.7728 184.0029 475.8962 234.4572 1.487401 1.655643 4.195356 -6.474764 1.847029 22.465502 -3.141851 0.95792758
Car -1 -1 -5.8873 299.2955 182.3545 462.2750 238.1477 1.454411 1.605821 4.024503 -6.371921 1.731944 20.121492 -6.193933 0.95694089
Car -1 -1 -7.9580 640.3568 178.6830 679.0604 210.2876 1.536486 1.636584 3.595486 2.502365 1.854537 37.579372 -7.891508 0.80724692
Car -1 -1 -7.9694 652.2806 181.3116 702.9644 222.5336 1.474382 1.567916 3.564837 2.550093 1.827495 28.348505 -7.879667 0.68197203
Car -1 -1 -3.2485 410.8990 182.1299 496.2306 218.0232 1.467937 1.589246 3.487602 -6.882040 1.889241 31.489456 -3.463652 0.49119624
Car -1 -1 -5.9203 219.2523 172.9637 439.2584 249.7680 1.767580 1.676352 4.670823 -6.714242 1.770064 17.456125 -6.287463 0.20266271
Car -1 -1 -6.2494 457.0381 174.5592 534.2772 211.7217 2.042446 1.824863 4.234302 -6.478306 2.141628 40.928230 -6.406342 0.18087217
