Car -1 -1 -5.3290 0.0000 196.8546 107.8260 373.0000 1.415657 1.731654 4.383201 -5.399581 1.514882 3.708982 -6.297908 0.12024590
Pedestrian -1 -1 -8.3745 989.2035 150.0553 1087.8676 317.7553 1.749627 0.626312 0.759713 4.718037 1.422263 7.880159 -7.835042 0.92701912
Pedestrian -1 -1 -6.0999 128.1320 166.1882 237.2482 368.5896 1.627152 0.635824 0.711290 -3.632214 1.504787 6.194777 -6.630203 0.84789985
Pedestrian -1 -1 -4.6695 546.8641 156.4607 571.7710 221.5878 1.852912 0.686394 0.946824 -1.249555 1.141007 20.916246 -4.729131 0.82904059
Pedestrian -1 -1 -7.8293 579.3498 155.5106 609.0991 236.1380 1.839073 0.678085 0.929628 -0.197062 1.246818 16.854080 -7.840999 0.73990649
Pedestrian -1 -1 -7.7784 501.9735 158.6047 528.1330 230.4641 1.779670 0.605106 0.740893 -2.213996 1.213171 18.174171 -7.899668 0.59815276
Pedestrian -1 -1 -7.6401 397.6406 164.6957 458.8650 297.4090 1.659364 0.615461 0.859176 -2.300405 1.449929 9.418964 -7.879684 0.57953382
Pedestrian -1 -1 -4.3470 803.8997 151.1319 849.7574 254.2085 1.749551 0.575728 0.651435 3.920764 1.234725 12.626495 -4.045875 0.49656126
Pedestrian -1 -1 -6.5242 599.7278 155.8036 620.0568 203.9562 1.873541 0.577641 0.681997 0.309671 0.874089 28.308208 -6.513235 0.26317838
Pedestrian -1 -1 -5.0124 581.5922 157.3077 605.3773 206.9364 1.851680 0.706715 0.766947 -0.328359 0.949421 27.275000 -5.024436 0.20146236
Pedestrian -1 -1 -4.5615 618.4043 156.2897 638.6006 204.1379 1.851798 0.683857 0.791947 1.048370 0.876477 28.253523 -4.524403 0.20009160
Pedestrian -1 -1 -6.8885 589.1605 156.5283 611.3581 205.1848 1.872959 0.587872 0.648003 -0.067899 0.912069 28.077543 -6.890917 0.16358073
Pedestrian -1 -1 -3.9541 0.0000 154.3456 128.7759 373.0000 1.736698 0.649149 0.765558 -2.734056 1.632263 3.181372 -4.664006 0.14756367
Pedestrian -1 -1 -7.8010 571.2007 157.6288 587.5737 204.5428 1.839546 0.616816 0.654893 -0.891574 0.903882 28.500759 -7.832304 0.14178212
Pedestrian -1 -1 -8.1315 604.2447 157.8807 623.6696 204.3336 1.828019 0.623222 0.636490 0.476230 0.898899 28.655869 -8.114895 0.13226965
Pedestrian -1 -1 -3.8979 0.0000 160.5848 108.6999 373.0000 1.695257 0.643278 0.695837 -3.107407 1.601787 3.616423 -4.607726 0.12843667
Pedestrian -1 -1 -3.8570 0.0000 143.0943 135.6061 373.0000 1.781665 0.692966 0.828856 -2.508775 1.656921 2.802412 -4.587131 0.11270471
Pedestrian -1 -1 -6.3184 0.0000 149.1397 55.1697 373.0000 1.715646 0.747849 0.778780 -4.720792 1.495838 5.434873 -7.033558 0.10408960
Cyclist -1 -1 -4.4484 384.5677 166.5057 466.6359 305.6376 1.657400 0.631626 1.670440 -2.301827 1.479464 9.399615 -4.688589 0.84266627
Cyclist -1 -1 -2.4154 0.0000 159.7262 147.2802 373.0000 1.727572 0.691881 1.714312 -3.948388 1.603753 4.456890 -3.140394 0.15749305
Cyclist -1 -1 -4.1069 0.0000 142.9632 142.7931 373.0000 1.763781 0.669226 1.857792 -2.917197 1.645107 3.192317 -4.847291 0.13499248
Cyclist -1 -1 -2.3014 0.0000 161.9547 128.1926 373.0000 1.717989 0.697894 1.739237 -4.314308 1.598989 4.845825 -3.028824 0.11786689
Cyclist -1 -1 -4.8036 577.3715 156.6109 612.6481 236.3945 1.762174 0.649121 1.878989 -0.210135 1.213009 16.833857 -4.816114 0.11293009
Cyclist -1 -1 -4.0118 0.0000 92.9444 189.1639 373.0000 1.828868 0.738903 1.841301 -2.295434 1.648283 2.412499 -4.772341 0.11134057
