Car -1 -1 -8.0207 681.1559 178.8496 779.5372 256.5436 1.558120 1.594196 3.807667 2.600763 1.712310 16.678728 -7.866038 0.99981040
Car -1 -1 -4.5294 428.2401 182.1855 501.0209 232.9164 1.460569 1.627129 3.940270 -4.679154 1.789597 23.483400 -4.726116 0.99865049
Car -1 -1 -8.1781 766.3217 181.3819 983.4299 332.3018 1.519162 1.515456 3.317697 3.038790 1.646174 9.111197 -7.856202 0.99676263
Car -1 -1 -4.5492 466.9868 173.4469 522.4107 222.0845 1.810163 1.570796 3.931301 -4.582929 1.835205 28.871902 -4.706636 0.99670404
Car -1 -1 -7.9665 651.1876 177.3654 694.9940 214.3000 1.510247 1.522170 3.504128 2.677338 1.719296 31.709454 -7.882230 0.99474007
Car -1 -1 -5.7861 140.5227 176.6229 337.9374 239.7491 1.557926 1.685405 4.295918 -9.608439 1.660557 18.809977 -6.258351 0.99469650
Car -1 -1 -7.9989 669.5515 178.1964 733.5193 230.8787 1.537223 1.534578 3.454578 2.813470 1.721275 23.153009 -7.877996 0.99322295
Car -1 -1 -8.4048 848.2081 189.0365 1241.0000 374.0000 1.533911 1.567820 3.565675 2.890463 1.680288 4.753666 -7.858435 0.99135840
Car -1 -1 -4.5576 491.8647 175.4440 538.4748 213.7155 1.718244 1.625165 3.992902 -4.535502 1.849675 34.683105 -4.687622 0.97007060
Car -1 -1 -4.0275 0.0000 200.3444 237.3285 374.0000 1.556514 1.602494 3.807161 -4.344399 1.818331 4.948892 -4.747948 0.96210587
Car -1 -1 -7.9716 629.7684 154.7216 675.0341 198.7383 2.585819 2.140516 5.970224 2.544075 1.520308 45.433151 -7.915630 0.14781678
Pedestrian -1 -1 -7.5607 832.1584 174.1088 871.5897 265.2007 1.697999 0.596479 0.509382 4.586809 1.722429 13.840227 -7.240705 0.11576451
