Car -1 -1 -4.7694 450.2392 171.4756 525.1915 237.1185 1.482341 1.640911 3.675396 -2.999954 1.256525 18.193998 -4.932774 0.97441351
Car -1 -1 -4.0109 1071.0342 63.3045 1237.0000 373.0000 2.467133 2.065576 5.823195 7.870274 1.547966 6.628018 -3.140038 0.11528184
Car -1 -1 -5.3823 0.0000 19.0825 329.6601 373.0000 2.234432 1.996282 5.467736 -4.710091 1.563281 4.093536 -6.237577 0.11304017
Pedestrian -1 -1 -4.5224 413.4510 162.5966 475.4812 296.6369 1.709594 0.654381 0.917252 -2.131950 1.469166 9.629449 -4.740281 0.99197841
Pedestrian -1 -1 -4.1176 625.2952 155.0384 702.7700 288.1505 1.798490 0.674929 0.980948 0.859719 1.441628 10.299150 -4.034305 0.94553107
Pedestrian -1 -1 -4.2554 489.2311 157.2560 557.1254 275.6380 1.841186 0.736254 1.015392 -1.310899 1.464759 11.774689 -4.366243 0.90961897
Pedestrian -1 -1 -6.0960 679.2573 158.3897 777.5243 336.3792 1.729671 0.615180 0.904580 1.270357 1.505799 7.426785 -5.926585 0.90875435
Pedestrian -1 -1 -4.7315 748.1748 154.6192 831.4399 373.0000 1.723666 0.614529 0.765464 1.464903 1.521911 5.853052 -4.486267 0.90561932
Pedestrian -1 -1 -5.7237 570.8608 157.0065 656.7542 290.1431 1.796741 0.657556 1.034259 0.129314 1.466853 10.250674 -5.711047 0.71505612
Pedestrian -1 -1 -8.0716 530.7044 160.9011 599.2690 322.9515 1.697935 0.605379 0.756423 -0.468321 1.482804 7.973015 -8.130244 0.54526663
Pedestrian -1 -1 -7.7324 441.5302 162.1179 481.0278 259.3562 1.721203 0.607959 0.923571 -2.604549 1.378736 13.197963 -7.927277 0.33868203
Pedestrian -1 -1 -7.6861 549.1316 159.8979 610.4133 302.7440 1.739449 0.659330 0.826656 -0.310435 1.477078 9.200926 -7.719851 0.18080050
Cyclist -1 -1 -4.4732 514.5109 153.9976 609.6202 327.1199 1.777296 0.696371 1.793493 -0.451718 1.495655 8.320007 -4.527404 0.33211809
Cyclist -1 -1 -4.6652 437.3524 157.0753 480.6307 262.6843 1.796986 0.698662 1.789249 -2.624064 1.382009 13.159514 -4.862050 0.29198873
Cyclist -1 -1 -2.6754 413.3652 160.5142 512.0320 259.9585 1.766427 0.584826 1.708761 -2.602278 1.394268 13.271419 -2.868983 0.17764878
