Car -1 -1 -4.4732 357.7132 148.2476 488.2029 242.9749 2.021616 1.971700 5.044218 -4.244405 1.312530 17.858086 -4.706587 0.99832982
Car -1 -1 -4.5762 435.8705 151.0226 514.6694 221.0855 2.097091 1.938191 4.814847 -4.097939 1.185318 23.939276 -4.745728 0.85074157
Pedestrian -1 -1 -4.9764 773.2092 147.6672 840.5336 298.9677 1.738534 0.603491 0.725003 2.398399 1.350463 8.618827 -4.704981 0.86869335
Pedestrian -1 -1 -4.1138 1022.6612 132.1009 1153.2394 351.7414 1.755558 0.579170 0.799971 4.108224 1.361448 6.159907 -3.525612 0.82429415
Pedestrian -1 -1 -4.2414 208.2101 153.0556 280.6090 289.5681 1.780071 0.612635 0.737893 -4.869258 1.409836 9.738001 -4.705054 0.76990283
Pedestrian -1 -1 -4.0236 4.2309 157.8286 153.9422 373.0000 1.676113 0.586450 0.664407 -3.791683 1.517492 5.184634 -4.655020 0.76815081
Pedestrian -1 -1 -3.4106 164.5651 160.3550 221.9149 268.6868 1.665747 0.575308 0.667284 -6.570129 1.341255 11.484795 -3.930246 0.62704796
Pedestrian -1 -1 -6.4439 711.1726 170.7040 746.3281 240.1881 1.636714 0.585826 0.743561 3.007497 1.382954 17.217989 -6.270981 0.36969206
Pedestrian -1 -1 -7.6435 508.7036 156.4717 532.3018 216.1826 1.793907 0.579622 0.727542 -2.499906 1.042439 21.971268 -7.756749 0.26531479
Pedestrian -1 -1 -3.5296 0.0000 141.7574 118.0511 373.0000 1.774713 0.629315 0.796588 -4.436603 1.492086 5.623401 -4.197529 0.11877160
Pedestrian -1 -1 -2.6685 45.2598 179.0565 154.7183 328.7983 1.552850 0.595329 0.791264 -5.467981 1.528213 7.798684 -3.280036 0.11575069
Cyclist -1 -1 -4.9213 505.9965 157.8370 536.8678 218.9310 1.794081 0.572543 1.812380 -2.501567 1.099667 22.044769 -5.034259 0.17588927
Cyclist -1 -1 -6.1619 719.0373 168.5880 819.1154 253.7480 1.543682 0.615933 1.786953 3.134243 1.310235 13.615025 -5.935609 0.16358390
Cyclist -1 -1 -6.5315 687.5410 171.2386 765.5466 241.1960 1.625907 0.612796 1.727233 2.922724 1.387963 17.068441 -6.361887 0.11060707
