Car -1 -1 -8.0617 695.7810 186.8600 792.2089 254.6985 1.363642 1.538379 3.317254 2.974247 1.723725 16.882265 -7.887293 0.99915516
Car -1 -1 -5.6145 0.0000 180.3412 336.8680 310.4320 1.535332 1.670862 4.211262 -6.135218 1.646434 9.686071 -6.179111 0.98982596
Car -1 -1 -2.8887 324.0945 177.0296 464.2401 233.6080 1.603705 1.645479 3.701630 -6.385644 1.732810 21.472134 -3.177730 0.97606921
Car -1 -1 -8.5681 924.9199 181.7083 1241.0000 374.0000 1.566381 1.653351 3.805327 3.116165 1.632696 3.516835 -7.842999 0.97007811
Car -1 -1 -2.6072 87.1149 178.5947 357.5460 283.5540 1.587927 1.626082 3.610859 -6.317873 1.689524 11.910642 -3.094889 0.96113354
Car -1 -1 -3.4858 755.7051 185.7127 874.1667 230.5369 1.408177 1.541965 3.484164 6.736994 1.852806 24.073088 -3.212917 0.93549967
Car -1 -1 -5.6128 249.1259 168.6953 449.3668 256.7232 1.822856 1.738957 4.086083 -5.958823 1.736438 16.412870 -5.961095 0.90645087
Car -1 -1 -2.2588 0.0000 181.4001 188.0779 353.5209 1.490677 1.597291 3.546499 -6.572668 1.590942 7.422770 -2.983564 0.90376562
Car -1 -1 -5.5098 216.5134 178.4214 426.2621 266.3111 1.586599 1.634157 3.951181 -5.941451 1.711525 14.722677 -5.893403 0.77922195
Car -1 -1 -7.9366 633.7781 164.7540 675.1920 206.5762 2.415662 2.071603 5.689834 2.630447 1.947506 44.544861 -7.877636 0.60813653
Car -1 -1 -2.8016 459.2187 177.1785 528.7444 205.1285 1.490883 1.589154 3.466825 -6.433629 1.736377 39.917942 -2.961429 0.20535736
Car -1 -1 -5.3472 0.0000 148.4016 56.5042 374.0000 1.698150 1.772622 4.453329 -6.686075 1.564395 4.842058 -6.291192 0.20494184
Car -1 -1 -2.8421 486.4127 173.6092 547.3880 200.4531 1.648600 1.620279 3.488940 -5.880087 1.697039 45.469345 -2.970733 0.11500908
