Car -1 -1 -8.2590 780.8220 165.7320 1170.4965 374.0000 1.658656 1.608847 3.507232 2.661972 1.613522 6.299969 -7.859199 0.99929821
Car -1 -1 -4.2386 94.9860 183.6680 355.9305 338.4034 1.653805 1.572890 3.679246 -4.954826 1.828237 9.814102 -4.706105 0.99881339
Car -1 -1 -4.4883 423.3460 183.6063 498.6628 232.2105 1.508185 1.731743 4.025575 -5.171243 1.915482 25.320129 -4.689735 0.99163204
Car -1 -1 -7.9313 640.3726 176.3650 668.5238 201.0060 1.469878 1.505023 3.246753 2.714909 1.697205 45.143276 -7.871277 0.91914517
Pedestrian -1 -1 -7.9922 702.4196 166.9327 719.2503 209.7470 1.837364 0.624991 0.751886 4.332469 1.582954 31.340782 -7.854786 0.30681971
Pedestrian -1 -1 -8.2117 500.6228 173.8835 531.2510 234.2901 1.707908 0.660883 0.740521 -2.777543 1.738117 20.899071 -8.343825 0.16963334
Pedestrian -1 -1 -8.0546 472.7787 172.0434 499.2040 236.4368 1.755207 0.590263 0.731560 -3.511358 1.732811 20.115591 -8.227430 0.12400305
Cyclist -1 -1 -4.1924 459.5807 173.6999 509.5903 242.5876 1.838501 0.553987 1.817184 -3.539508 1.863027 20.228588 -4.365590 0.77895617
Cyclist -1 -1 -4.1050 487.2838 173.8532 539.1125 237.7754 1.761172 0.579209 1.768477 -2.820140 1.790987 20.827505 -4.239575 0.75209171
Cyclist -1 -1 -4.9936 697.6120 167.4401 722.9049 210.5744 1.815386 0.591934 1.856148 4.294721 1.587231 31.328304 -4.857312 0.25300071
