Car -1 -1 -7.6316 375.5449 173.1513 515.2277 282.3357 1.692175 1.621918 3.960027 -2.869985 1.698124 13.179853 -7.846011 0.99995875
Car -1 -1 -4.2015 135.7384 190.2261 258.5495 249.2341 1.565006 1.630546 3.763134 -12.552159 2.142979 22.132515 -4.717442 0.99785775
Car -1 -1 -7.8717 587.5785 174.2610 614.0542 199.7091 1.574429 1.641402 4.132079 -0.668628 1.669782 46.962639 -7.885948 0.98939103
Pedestrian -1 -1 -6.0770 671.6132 157.9288 708.6963 223.9281 1.850836 0.525178 0.967783 2.245175 1.431984 20.633713 -5.968594 0.23490745
Pedestrian -1 -1 -7.7925 660.1647 164.4186 682.9103 222.0132 1.779387 0.669561 0.765694 1.894546 1.518475 22.719025 -7.709277 0.21521091
Pedestrian -1 -1 -5.8453 672.6371 159.2241 709.6108 222.9080 1.815718 0.529300 0.935480 2.315974 1.426810 21.041510 -5.735682 0.18873404
Pedestrian -1 -1 -6.5381 673.1093 157.1786 712.6906 224.5777 1.859084 0.552303 0.995286 2.270862 1.426406 20.246702 -6.426450 0.18574724
Pedestrian -1 -1 -5.8802 684.0370 161.4706 720.7084 222.2169 1.766649 0.583322 0.928359 2.700020 1.435291 21.469887 -5.755063 0.17609870
Pedestrian -1 -1 -6.2066 685.7398 162.3224 717.6503 221.2748 1.755403 0.611534 0.916973 2.735871 1.441508 21.876122 -6.082150 0.14726371
Pedestrian -1 -1 -6.1192 661.6267 162.3474 693.3936 222.1840 1.818720 0.563626 0.899364 2.043056 1.499075 22.317192 -6.027951 0.10186764
Cyclist -1 -1 -5.7630 674.5334 160.7703 746.0694 232.3443 1.817818 0.648855 1.791396 2.594259 1.510619 19.128300 -5.628236 0.81055468
Cyclist -1 -1 -3.0037 659.2446 163.9554 719.1508 225.1402 1.877425 0.638298 1.801042 2.443572 1.604076 22.668251 -2.896343 0.12712228
