Car -1 -1 -4.4321 211.5826 182.5382 402.9579 299.3427 1.517904 1.685113 4.229224 -4.486414 1.538352 11.555104 -4.802464 0.99968612
Pedestrian -1 -1 -7.0618 182.6496 175.6646 304.5450 360.3253 1.628119 0.651182 0.815095 -3.427454 1.577390 6.823905 -7.527280 0.94739085
Pedestrian -1 -1 -4.8370 646.3271 156.7502 675.2507 229.2397 1.826402 0.643791 0.817144 1.487438 1.203341 18.521221 -4.756909 0.86610866
Pedestrian -1 -1 -6.8152 126.2420 170.4221 244.1624 358.9096 1.702140 0.621637 0.784615 -4.081227 1.602819 6.981033 -7.344275 0.69296575
Pedestrian -1 -1 -7.1420 58.6697 160.8692 183.8102 339.4142 1.815922 0.701456 0.919309 -5.231853 1.606797 7.804692 -7.732595 0.45087263
Pedestrian -1 -1 -4.5658 468.8698 165.5686 482.8429 197.2382 1.888227 0.704564 0.916169 -7.563391 0.938455 43.296318 -4.738703 0.31603932
Pedestrian -1 -1 -3.8300 0.0000 109.4299 170.2450 373.0000 1.854937 0.732490 0.896536 -2.882292 1.546664 3.594164 -4.505938 0.28105769
Pedestrian -1 -1 -3.8846 0.0000 77.4370 177.4682 373.0000 1.858920 0.734460 0.984852 -2.500062 1.506450 2.973987 -4.583664 0.26683840
Pedestrian -1 -1 -4.3032 0.0000 161.1879 138.8602 373.0000 1.755814 0.797004 0.962531 -4.546355 1.602986 5.992918 -4.952207 0.25924566
Pedestrian -1 -1 -4.0004 0.0000 151.0780 152.9796 373.0000 1.763149 0.830028 1.031113 -4.160943 1.558843 5.378819 -4.658825 0.20182467
Pedestrian -1 -1 -3.8768 0.0000 126.7913 151.2264 373.0000 1.852266 0.753446 0.983706 -3.524980 1.560007 4.392828 -4.553063 0.18984483
Pedestrian -1 -1 -4.1288 467.1427 165.4850 484.3712 198.4291 1.939650 0.677029 0.810908 -7.485014 0.996845 42.800224 -4.301898 0.12021444
Pedestrian -1 -1 -7.3991 495.5668 164.9389 520.8715 213.8734 1.797703 0.647033 0.816833 -3.505918 1.189680 26.879780 -7.528781 0.11818609
Pedestrian -1 -1 -3.9179 0.0000 125.0149 161.3559 373.0000 1.841082 0.719929 0.899120 -3.146476 1.568284 3.969740 -4.588099 0.10853542
Pedestrian -1 -1 -7.6294 380.6439 162.8345 403.9884 216.6094 1.787324 0.599939 0.783423 -7.089483 1.167358 24.284239 -7.913418 0.10689051
Cyclist -1 -1 -4.9264 426.1204 162.7525 477.3229 262.3909 1.791651 0.594360 1.770406 -2.951897 1.455151 13.845826 -5.136501 0.94483989
Cyclist -1 -1 -4.4771 376.3827 162.8563 407.2918 218.5396 1.814199 0.609946 1.774856 -7.098990 1.207206 24.305130 -4.761269 0.64750236
Cyclist -1 -1 -2.6017 0.0000 148.4478 181.8772 373.0000 1.733083 0.792142 1.675997 -4.299767 1.506833 5.434314 -3.271079 0.14316249
Cyclist -1 -1 -4.1263 5.4399 156.2765 194.9384 349.7463 1.820494 0.752368 1.869551 -5.299788 1.583862 7.700270 -4.729153 0.11814491
