Car -1 -1 -8.2039 703.7693 179.1021 922.1675 321.9073 1.476169 1.601621 3.338006 2.336613 1.571979 9.354937 -7.959147 0.99909163
Car -1 -1 -3.7975 587.2559 172.1606 712.7805 217.6856 1.438447 1.631796 4.146585 1.363031 1.416236 24.643173 -3.742245 0.99330503
Car -1 -1 -7.1006 776.9048 163.6131 922.5797 226.0208 1.616160 1.659719 3.934482 6.734478 1.376551 20.354128 -6.781062 0.96208966
Car -1 -1 -7.3841 887.7112 163.2464 999.9716 214.1075 1.497599 1.619429 4.025048 10.700015 1.214405 23.127417 -6.950764 0.95219797
Car -1 -1 -3.9081 738.4343 169.4277 837.4565 209.9763 1.506007 1.598913 3.720181 6.981526 1.378451 28.423311 -3.667192 0.90027380
Car -1 -1 -4.7051 1044.3563 152.5734 1106.2670 204.9191 1.869244 1.894830 4.081638 17.998135 1.144733 27.992527 -4.133680 0.78790116
Car -1 -1 -7.6930 972.8196 164.8764 1040.4905 209.1939 1.453389 1.570050 3.410457 14.006351 1.191465 25.489737 -7.190540 0.43444175
Car -1 -1 -4.7564 633.8579 179.1635 653.8364 197.8844 1.449434 1.462166 3.785915 2.716986 1.981933 59.035172 -4.710381 0.26281625
Car -1 -1 -5.5210 0.0000 155.6071 42.2741 239.7789 2.003812 1.944098 5.215742 -17.737623 1.592929 18.177778 -6.294190 0.16155259
Car -1 -1 -5.5024 0.0000 145.3575 47.9390 233.3773 2.277649 2.057709 5.782085 -19.099361 1.565835 19.733442 -6.271509 0.15640585
