Car -1 -1 -7.5500 135.8925 175.7759 464.3753 374.0000 1.544469 1.706368 4.272921 -2.727828 1.582834 7.371353 -7.904394 0.99981779
Car -1 -1 -7.6043 365.7248 177.0265 526.7951 284.0764 1.503585 1.664589 4.257663 -2.649244 1.587853 12.463499 -7.813725 0.99954909
Car -1 -1 -7.9746 661.7206 172.1542 718.8104 216.5107 1.474307 1.574417 3.769381 2.758267 1.450747 25.878082 -7.868372 0.99944288
Car -1 -1 -8.0975 720.9081 176.2646 910.9521 309.0975 1.490829 1.605369 3.729429 2.570027 1.546938 10.063973 -7.847480 0.99938858
Car -1 -1 -7.8275 548.2127 170.6751 580.2450 201.3198 1.579973 1.634866 3.963841 -2.480990 1.467332 39.211426 -7.890728 0.99763572
Car -1 -1 -8.3089 791.3170 152.6506 1241.0000 374.0000 1.684515 1.623241 3.716241 2.400722 1.602897 4.771293 -7.842722 0.99596822
Car -1 -1 -7.9339 648.5687 170.2841 684.3464 201.4385 1.562983 1.591046 3.520832 2.887861 1.433753 37.962372 -7.858019 0.86839479
Car -1 -1 -7.0625 904.3864 110.4750 1241.0000 374.0000 1.739288 1.698768 4.097067 3.818041 1.503335 3.636940 -6.252842 0.26286030
Car -1 -1 -7.7293 437.4753 180.0180 519.4037 247.8171 1.441421 1.530288 3.421088 -3.135457 1.631824 17.458284 -7.907018 0.11456847
Pedestrian -1 -1 -7.5330 377.5805 157.4720 422.4579 246.6329 1.817946 0.733801 0.645526 -4.422374 1.504014 15.047242 -7.818842 0.63708329
