Car -1 -1 -7.5555 291.6671 184.9794 439.4797 267.7444 1.413107 1.637535 4.060447 -4.665232 1.409230 14.317039 -7.870510 0.99978000
Car -1 -1 -7.6623 431.1568 179.8906 500.5657 227.9917 1.463573 1.583899 3.593484 -4.630116 1.301704 23.670582 -7.855472 0.99873644
Car -1 -1 -7.4022 154.8705 177.0554 274.9487 235.6638 1.649033 1.660079 4.036662 -12.049394 1.419587 22.278929 -7.897972 0.99693739
Car -1 -1 -7.8358 574.5319 175.7578 609.6146 208.4509 1.517733 1.628698 3.974816 -0.772231 1.078823 35.362282 -7.857606 0.99611402
Car -1 -1 -7.2697 0.0000 177.1704 235.4064 283.5777 1.524971 1.719411 4.347302 -8.483197 1.409827 12.486461 -7.866460 0.99604094
Car -1 -1 -7.1396 0.0000 201.7845 238.4380 375.0000 1.416431 1.648932 4.056352 -4.198900 1.568389 4.531837 -7.886884 0.94300336
Car -1 -1 -7.4197 260.6103 182.7463 368.7704 237.3622 1.456441 1.591222 3.494200 -8.461376 1.390747 20.954760 -7.803476 0.89007556
Car -1 -1 -4.5848 465.7301 166.3358 506.2935 205.8181 2.813380 2.250383 6.214345 -9.140051 1.468216 54.372040 -4.751366 0.58643728
Car -1 -1 -7.6986 459.8471 179.1389 506.1890 214.7377 1.494064 1.541345 3.215978 -5.502315 1.239180 31.790100 -7.869989 0.57847261
Car -1 -1 -2.3262 0.0000 187.6102 226.0569 375.0000 1.555679 1.646588 4.448048 -5.488693 1.575996 5.218301 -3.136891 0.14155628
