Car -1 -1 -6.7453 957.7586 161.0653 1222.9688 244.3434 1.514818 1.626651 4.006513 9.375369 1.143720 14.121202 -6.159220 0.99404609
Car -1 -1 -6.6517 700.6328 186.1879 757.2289 207.0123 1.454445 1.549463 3.706965 9.189122 1.799618 51.787315 -6.476087 0.12086838
Pedestrian -1 -1 -6.9160 750.6243 156.8734 826.2137 287.1989 1.683429 0.576025 0.801673 2.469847 1.365995 9.695848 -6.666558 0.91556638
Pedestrian -1 -1 -8.0744 643.7103 155.4469 674.6321 224.7339 1.739137 0.647369 0.718284 1.439691 1.085713 18.431997 -7.996403 0.49975288
Pedestrian -1 -1 -7.7054 453.0117 164.5793 481.9149 230.8368 1.811220 0.665522 0.945592 -3.775572 1.349168 20.121197 -7.890864 0.12126113
Cyclist -1 -1 -4.4735 398.3734 164.3656 443.6095 241.4932 1.783837 0.656074 1.847089 -4.413238 1.388093 17.539944 -4.719982 0.97040814
Cyclist -1 -1 -4.6339 451.7165 166.4735 481.2392 233.3267 1.777071 0.668068 1.897247 -3.783942 1.378146 20.073641 -4.820237 0.95380723
Cyclist -1 -1 -4.4650 413.4427 161.2470 441.6501 209.7725 1.866248 0.683931 1.745205 -6.903022 1.087694 28.502434 -4.702628 0.35414565
Cyclist -1 -1 -6.3871 620.5432 154.1523 689.7469 223.5588 1.752457 0.551665 1.722015 1.331727 1.062471 18.440428 -6.314960 0.17180614
Cyclist -1 -1 -7.8733 647.1104 155.3112 670.3208 226.1467 1.737546 0.555667 1.706439 1.425196 1.095681 18.488060 -7.796347 0.15116000
Cyclist -1 -1 -4.0884 0.0000 147.3023 190.7162 373.0000 1.785862 0.660842 1.814154 -2.672012 1.679155 3.186975 -4.786115 0.14218955
