Car -1 -1 1.723015 505.966492 177.931396 550.884949 210.294418 1.488670 1.604796 3.838762 -4.033172 1.762800 35.973348 1.613869 0.999837 
Car -1 -1 1.833935 393.709229 185.212128 488.900177 243.713226 1.469405 1.679785 3.977389 -4.649013 1.803446 20.080987 1.610167 0.999711 
Car -1 -1 -1.795759 737.659424 180.882858 878.458679 258.998108 1.451234 1.629365 3.786644 3.717104 1.591725 14.813409 -1.545166 0.999548 
Car -1 -1 1.882913 304.493225 187.743103 448.224762 274.524231 1.477902 1.654854 3.815316 -4.668534 1.823198 14.855391 1.583031 0.999506 
Car -1 -1 -1.740713 699.475464 177.416519 787.439819 229.023117 1.587926 1.622684 3.615135 3.938853 1.719642 23.306694 -1.569905 0.998787 
Car -1 -1 0.104226 577.112732 173.437180 620.998962 189.876114 1.455847 1.657120 4.302565 -1.109934 1.594962 71.838901 0.090439 0.998592 
Car -1 -1 -1.896612 800.983582 186.603836 1030.120483 322.078888 1.579294 1.649799 3.708999 3.746461 1.681888 9.680323 -1.520977 0.994055 
Car -1 -1 1.992410 51.624203 183.021317 355.091309 359.478882 1.720650 1.681096 4.058774 -4.838287 1.886408 9.286228 1.518167 0.954966 
Car -1 -1 -1.757506 684.857239 176.311096 739.533325 214.454025 1.618341 1.646391 3.571953 4.434862 1.774375 32.484464 -1.619148 0.945997 
Car -1 -1 -1.822746 955.906006 193.800735 1231.177246 367.698334 1.438744 1.607074 3.797354 4.127859 1.668260 6.369957 -1.240125 0.239368 
