Car -1 -1 -4.2790 118.2398 192.0738 383.3913 333.0962 1.461659 1.674017 4.114998 -4.705196 1.785250 10.099633 -4.714987 0.99967980
Car -1 -1 -8.0769 724.6765 179.4382 841.6247 255.8210 1.443483 1.615189 4.079769 3.628505 1.608055 16.027466 -7.854264 0.99909937
Car -1 -1 -8.1643 780.3100 180.4151 973.8607 301.8960 1.457314 1.586686 3.632575 3.665021 1.588487 10.714953 -7.834686 0.99907136
Car -1 -1 -4.4113 325.0829 187.1342 456.7475 268.7453 1.473906 1.632620 3.903254 -4.636673 1.822783 15.680358 -4.698843 0.99871290
Car -1 -1 -8.0075 704.8329 178.1477 782.0617 234.7040 1.479624 1.602037 4.147777 3.789348 1.651374 21.359356 -7.831918 0.99758255
Car -1 -1 -4.4998 406.4809 185.3435 497.0578 241.0466 1.383077 1.665144 4.541942 -4.557075 1.789161 21.205778 -4.711521 0.99628109
Car -1 -1 -8.4326 913.8931 191.0789 1241.0000 374.0000 1.438587 1.557527 3.637637 3.689781 1.619305 5.327370 -7.826870 0.98948830
Car -1 -1 -4.5711 509.0224 178.7338 550.5008 208.7696 1.426908 1.609877 3.638509 -4.085217 1.741863 36.842884 -4.681568 0.98892492
Car -1 -1 -7.9806 694.6010 176.4121 749.2687 220.7238 1.542688 1.576726 3.644187 4.112997 1.685864 27.255306 -7.830823 0.92760020
Car -1 -1 -8.0454 685.6547 176.8071 731.8030 211.4659 1.472019 1.476381 3.210564 4.377606 1.659702 32.665833 -7.912150 0.73956776
Car -1 -1 -8.6336 1049.0605 172.1553 1178.0939 213.1105 1.416535 1.606683 4.005850 18.682314 1.392070 27.068565 -8.029479 0.11756465
