Car -1 -1 -7.7080 456.5243 184.5432 533.0719 239.7237 1.436834 1.605875 4.021158 -3.197643 1.419480 20.734335 -7.861046 0.99974161
Car -1 -1 -7.4558 151.2303 186.6037 428.0597 347.4190 1.512216 1.652311 3.746690 -3.536117 1.532757 8.674579 -7.842916 0.99892348
Car -1 -1 -7.8776 583.8344 180.0800 620.6612 214.4459 1.508780 1.614283 3.606058 -0.338281 1.283464 33.389412 -7.887704 0.99704379
Car -1 -1 -7.5985 353.2883 184.7801 426.7392 229.8596 1.405441 1.533255 3.475065 -7.277081 1.392017 24.176357 -7.890876 0.99422175
Car -1 -1 -4.0554 0.0000 184.9834 193.1124 255.4520 1.379959 1.699104 3.978890 -11.392596 1.375568 16.099802 -4.671240 0.96831012
Car -1 -1 -7.6822 421.6764 180.5207 469.7523 213.1841 1.439590 1.622510 3.409573 -7.513252 1.232822 33.425240 -7.903289 0.90980071
Car -1 -1 -3.9522 0.0000 192.2980 97.1456 375.0000 1.424082 1.634221 3.950210 -7.552173 1.517696 7.487557 -4.741857 0.70106494
Car -1 -1 -7.3499 125.3789 187.4529 318.6499 275.6811 1.482806 1.668070 3.849295 -7.374536 1.532964 14.123185 -7.831135 0.58946496
Car -1 -1 -2.3652 0.0000 178.7849 115.1751 343.4744 1.719481 1.750624 4.797217 -8.874361 1.652496 8.459251 -3.174543 0.15148722
Car -1 -1 -7.0992 1056.9214 84.3848 1240.0000 342.9533 2.635225 2.201928 6.231059 9.021527 1.607755 8.436305 -6.280278 0.10001418
