Car -1 -1 -4.6268 562.4753 169.2787 594.4922 194.2699 1.482797 1.646319 4.141803 -1.381013 0.757776 44.733704 -4.657650 0.97028100
Pedestrian -1 -1 -8.0601 608.7575 156.8498 641.7521 238.6798 1.821518 0.593190 0.839283 0.499350 1.273366 16.455015 -8.029731 0.92619067
Pedestrian -1 -1 -4.8332 472.3243 157.4899 524.3469 295.6748 1.825270 0.611264 0.857916 -1.492293 1.508791 9.983206 -4.981553 0.92117012
Pedestrian -1 -1 -4.8142 428.5905 160.1716 482.7432 300.8428 1.790935 0.627735 0.799495 -2.011151 1.520069 9.621446 -5.020274 0.88471448
Pedestrian -1 -1 -5.2642 1089.3643 91.7812 1237.0000 373.0000 1.918718 0.686851 0.953466 4.133208 1.330383 5.230066 -4.595423 0.77489495
Pedestrian -1 -1 -4.7762 691.8907 156.6313 715.7927 224.3268 1.727063 0.571777 0.664187 2.622287 1.093125 18.679085 -4.636710 0.62405831
Pedestrian -1 -1 -4.8329 662.7593 155.9375 693.3304 237.3393 1.807882 0.599863 0.775389 1.697050 1.240713 16.346518 -4.729405 0.51510769
Pedestrian -1 -1 -3.6147 646.9198 157.8731 689.6245 235.5057 1.837058 0.556699 0.872849 1.581361 1.278503 17.419462 -3.524152 0.31968036
Pedestrian -1 -1 -4.7146 724.4509 154.5342 748.5013 220.4178 1.838406 0.661351 0.725897 3.811411 1.086445 20.461128 -4.530435 0.30500609
Pedestrian -1 -1 -5.1454 246.4709 195.5905 361.1352 373.0000 1.482623 0.584536 0.851345 -2.565782 1.611887 6.050859 -5.546420 0.27352801
Pedestrian -1 -1 -4.3005 654.9944 155.6078 692.4136 236.4040 1.836221 0.613436 0.776287 1.659020 1.248331 16.813797 -4.202174 0.20983787
Pedestrian -1 -1 -4.2881 618.5915 163.6706 643.8343 217.6842 1.788029 0.600248 0.741378 0.981866 1.198243 24.245167 -4.247591 0.19366488
Pedestrian -1 -1 -5.2720 117.9222 214.2915 281.4684 373.0000 1.336105 0.643639 0.928301 -2.977372 1.598997 5.239419 -5.788785 0.13839081
Pedestrian -1 -1 -5.1131 189.7106 208.8541 321.3962 373.0000 1.387721 0.579249 1.067909 -2.855688 1.630747 5.794922 -5.570985 0.12440681
Pedestrian -1 -1 -3.3191 653.1151 159.3516 691.2130 233.6730 1.812423 0.521143 0.860143 1.711872 1.272837 17.812351 -3.223331 0.12207773
Pedestrian -1 -1 -3.1320 79.6999 196.3736 253.5665 373.0000 1.545114 0.665289 0.731273 -2.341603 1.634654 3.814502 -3.682522 0.10520377
Cyclist -1 -1 -3.5174 113.5024 214.5573 308.2662 373.0000 1.368977 0.524902 1.173106 -2.944872 1.646096 5.387404 -4.017658 0.13719085
