Car -1 -1 -7.6482 404.6535 185.2021 502.8872 255.4173 1.531354 1.618678 3.636942 -3.673184 1.531216 17.497259 -7.855150 0.99983609
Car -1 -1 -7.3805 21.4740 194.3941 390.8787 375.0000 1.463896 1.618461 3.732656 -3.631422 1.580578 7.252558 -7.844667 0.99940765
Car -1 -1 -8.0521 696.8351 191.2227 801.1141 263.8196 1.389410 1.576412 3.345397 2.917039 1.535007 15.720736 -7.868645 0.99841905
Car -1 -1 -7.7077 466.8091 186.2281 530.4625 232.6038 1.523240 1.652261 4.276827 -3.871326 1.562810 25.845085 -7.856360 0.99757868
Car -1 -1 -7.9682 646.6697 184.8186 690.2709 216.9433 1.415313 1.605501 3.680005 2.740581 1.397975 33.535744 -7.886697 0.99451196
Car -1 -1 -7.4182 200.7381 186.9486 349.8889 256.5231 1.461317 1.638246 4.141283 -7.827590 1.508144 17.281267 -7.843466 0.98987693
Car -1 -1 -7.8480 588.5986 183.6868 612.1569 205.2626 1.479435 1.615444 3.632853 -0.538688 1.374760 51.111477 -7.858539 0.95559537
Car -1 -1 -7.5632 361.5320 185.9027 431.9384 225.6666 1.420695 1.657236 3.465262 -8.024278 1.448776 27.481625 -7.847296 0.94779271
Car -1 -1 -7.7286 496.2948 184.2026 538.4799 218.1201 1.614386 1.644288 3.770734 -4.517972 1.566323 36.101803 -7.853077 0.42081121
Car -1 -1 -7.1444 1171.9373 114.5255 1240.0000 286.5464 2.554898 2.113539 6.303127 13.158178 1.505147 11.800849 -6.304666 0.10860697
