Car -1 -1 -8.0025 716.8320 147.6825 883.1003 298.1473 2.120420 1.986660 5.081379 3.175918 1.644504 12.747028 -7.758362 0.85430068
Pedestrian -1 -1 -4.6221 938.6601 164.0316 1006.1180 323.7492 1.677270 0.606705 0.767721 4.104183 1.494526 8.030085 -4.149642 0.94476795
Pedestrian -1 -1 -7.8569 518.6154 179.6078 539.8188 237.8852 1.717481 0.622802 0.796284 -2.203743 1.662187 21.598398 -7.958534 0.51534277
Pedestrian -1 -1 -5.3600 283.1960 159.9779 379.7436 339.0407 1.826224 0.602061 0.828461 -2.979924 1.607429 7.800901 -5.724907 0.46013364
Pedestrian -1 -1 -7.7066 414.4265 175.3887 452.9883 268.4738 1.710379 0.613983 0.716101 -3.203140 1.598693 13.581580 -7.938261 0.43683681
Pedestrian -1 -1 -4.7366 656.7213 177.5543 669.6366 210.2340 1.853398 0.718253 0.716076 3.528856 1.629756 41.118984 -4.651007 0.23524170
Pedestrian -1 -1 -3.2450 655.7010 177.5703 669.6731 210.5076 1.851958 0.661045 0.723915 3.466953 1.631145 40.726837 -3.160066 0.18843067
Pedestrian -1 -1 -3.1978 8.1777 182.8622 97.7695 371.4972 1.619553 0.623918 0.618243 -5.102662 1.633631 6.611822 -3.855075 0.15685509
Pedestrian -1 -1 -4.6536 654.8332 176.8728 668.4686 210.3481 1.859825 0.722829 0.712204 3.378937 1.602898 40.313229 -4.569975 0.15179524
Pedestrian -1 -1 -3.1614 656.9213 177.1547 671.2499 209.5668 1.857727 0.626423 0.811627 3.615608 1.608803 41.511768 -3.074476 0.10318930
Cyclist -1 -1 -4.7330 627.3679 179.6369 642.2662 223.6743 1.775358 0.576564 1.871137 1.361400 1.700585 29.902000 -4.687504 0.85529643
Cyclist -1 -1 -4.4159 398.5120 176.2176 460.6270 277.2666 1.757474 0.632535 1.799643 -3.213095 1.666217 13.411025 -4.651007 0.31670421
Cyclist -1 -1 -4.7183 517.5677 180.9466 539.5299 240.5485 1.703113 0.625510 1.833035 -2.217151 1.687779 21.471357 -4.821161 0.17808633
