Car -1 -1 -4.5708 539.3770 176.4510 602.3127 229.4643 1.649745 1.620372 3.667069 -0.983414 1.493071 24.260134 -4.611295 0.98678374
Pedestrian -1 -1 -4.8036 711.7010 170.0050 773.7407 325.8283 1.812902 0.668243 0.793593 1.660128 1.679852 8.784216 -4.616859 0.94969118
Pedestrian -1 -1 -7.8338 537.6378 163.6198 575.7637 262.7514 1.837857 0.706458 1.081008 -0.896417 1.506968 13.873250 -7.898329 0.91236722
Pedestrian -1 -1 -4.8300 812.7302 169.0405 877.2906 325.6571 1.745993 0.634883 0.675966 2.781837 1.607784 8.402946 -4.510344 0.89593375
Pedestrian -1 -1 -5.1054 757.2735 176.0912 847.0430 352.0233 1.700744 0.665027 0.688099 1.977800 1.649167 7.328251 -4.841760 0.75564599
Pedestrian -1 -1 -5.0859 928.4473 148.0501 1089.4292 373.0000 1.744156 0.618430 0.686625 2.330242 1.563235 4.280802 -4.587446 0.71983850
Pedestrian -1 -1 -4.9308 867.0568 150.8940 972.2855 373.0000 1.776098 0.633563 0.771212 2.541549 1.542839 5.929600 -4.525877 0.67553931
Pedestrian -1 -1 -5.0904 844.0845 165.3096 922.4989 306.3152 1.805204 0.717114 0.829859 3.702297 1.598601 9.615024 -4.722812 0.66535246
Pedestrian -1 -1 -8.5864 661.7770 167.7761 687.5478 218.5509 1.742097 0.533258 0.746040 2.531218 1.271637 25.104771 -8.485950 0.44051394
Pedestrian -1 -1 -4.8528 855.9515 164.3113 914.5022 294.4818 1.761154 0.672528 0.701045 3.940511 1.529261 10.136822 -4.482058 0.17318545
Pedestrian -1 -1 -4.5575 743.4110 167.1039 792.4619 289.5388 1.780931 0.624147 0.719650 2.487560 1.572177 10.898660 -4.333129 0.14644833
Pedestrian -1 -1 -8.3229 902.5667 131.7019 1077.8043 373.0000 1.725045 0.566863 0.761619 2.064396 1.474734 4.004585 -7.846923 0.10664474
Cyclist -1 -1 -7.4564 655.6328 167.5085 689.9245 220.6394 1.793435 0.559401 1.760498 2.488284 1.321566 25.154676 -7.357838 0.39312285
Cyclist -1 -1 -4.8996 530.3885 165.1493 585.4833 262.1215 1.736765 0.699451 1.961214 -0.916620 1.444535 13.902257 -4.965416 0.19928220
Cyclist -1 -1 -4.5674 747.4757 169.9819 840.8671 373.0000 1.807370 0.664525 1.729358 1.922874 1.707521 7.197799 -4.306331 0.18103606
