Car -1 -1 -7.9559 656.0547 179.8968 712.7364 223.4568 1.402584 1.604824 3.971974 2.542615 1.674164 25.865068 -7.857951 0.99935943
Car -1 -1 -5.6254 0.0000 184.0100 339.6638 297.7179 1.435788 1.622714 4.177935 -6.314859 1.611524 10.349759 -6.173229 0.96760285
Car -1 -1 -8.1898 718.5870 43.4375 1143.0908 374.0000 2.559088 2.122768 6.472927 2.854069 1.586727 8.674568 -7.871958 0.88072073
Car -1 -1 -5.7217 297.2209 178.8342 462.5588 243.1038 1.507678 1.620375 3.728375 -5.884997 1.670303 18.408283 -6.031150 0.87713629
Car -1 -1 -2.3676 0.0000 174.6223 171.6093 339.5171 1.556503 1.609905 3.642357 -7.031238 1.577183 7.695179 -3.107950 0.78568119
Car -1 -1 -2.6205 134.2452 185.5779 381.9944 274.9803 1.424886 1.529358 3.624348 -6.111931 1.663275 12.644382 -3.070782 0.78271484
Car -1 -1 -5.9748 390.5444 175.4420 520.0948 217.7781 1.539366 1.651372 4.524029 -5.866380 1.641100 27.404903 -6.185689 0.59361398
Car -1 -1 -5.8038 281.2882 183.3713 467.4937 250.0205 1.431494 1.539414 3.876554 -5.517284 1.693398 16.912598 -6.119180 0.40688476
Car -1 -1 -6.0107 361.6347 153.6429 521.1755 217.0869 2.589069 2.331450 6.222979 -7.115218 1.804787 30.749968 -6.238046 0.38960779
Car -1 -1 -7.9770 685.6647 170.3438 721.2789 202.1248 1.809961 1.639456 3.820232 5.488049 1.666703 43.005596 -7.850109 0.22991347
Car -1 -1 -4.5964 408.9400 152.1453 478.5351 219.2102 2.535541 2.125156 6.456686 -6.934911 1.752303 30.602646 -4.819269 0.21657175
Pedestrian -1 -1 -6.1254 0.0000 173.2218 66.5899 369.8718 1.587316 0.636552 0.593036 -5.178760 1.590419 6.250586 -6.817342 0.10475244
Pedestrian -1 -1 -3.3645 303.8899 172.9800 353.9780 259.8994 1.564368 0.596111 0.755173 -5.293004 1.566496 13.446391 -3.739494 0.10380386
