Pedestrian -1 -1 -3.3977 623.5925 163.3144 683.5056 257.7733 1.841242 0.688006 1.059314 0.996588 1.487349 14.438709 -3.328738 0.93999809
Pedestrian -1 -1 -4.1250 169.2018 164.5723 287.4318 355.7870 1.704728 0.633599 0.861219 -3.585755 1.554532 6.865869 -4.606317 0.88398457
Pedestrian -1 -1 -8.1630 755.3411 146.3521 851.7228 365.4344 1.708725 0.564391 0.751857 1.608075 1.435323 5.991354 -7.900804 0.87142706
Pedestrian -1 -1 -6.9878 1094.6829 149.0865 1182.4902 269.4803 1.790340 0.534512 0.956739 8.150509 1.308975 10.980396 -6.349254 0.86568785
Pedestrian -1 -1 -5.1391 896.7349 155.8616 948.5159 247.7140 1.860978 0.700417 0.834114 6.640357 1.342112 14.974159 -4.721746 0.68621886
Pedestrian -1 -1 -5.2592 854.4902 154.8045 960.6538 365.0026 1.650111 0.521357 0.712052 2.494088 1.441278 6.031054 -4.867040 0.53133953
Pedestrian -1 -1 -8.0532 723.0742 164.1756 755.7437 243.0687 1.762095 0.600501 0.714973 3.104927 1.375706 16.405291 -7.866155 0.36022657
Pedestrian -1 -1 -6.5062 1117.1281 146.9542 1187.2560 255.7009 1.791836 0.471994 0.862696 9.313400 1.223247 12.229821 -5.855321 0.24221778
Pedestrian -1 -1 -3.3316 1121.8925 146.6353 1193.0581 257.6232 1.767629 0.475987 0.851348 9.103450 1.212996 11.844120 -2.676279 0.17846502
Pedestrian -1 -1 -3.7031 1124.5946 152.8298 1189.8966 252.1316 1.708945 0.484506 0.768076 9.723682 1.216160 12.639560 -3.047397 0.14174235
Pedestrian -1 -1 -4.3515 242.5425 190.1415 291.4520 290.8456 1.417870 0.492646 0.524946 -4.899079 1.547521 10.442800 -4.790202 0.13846657
Pedestrian -1 -1 -3.0385 723.6318 163.3427 762.1496 242.6957 1.815477 0.556330 0.833492 3.279021 1.400615 16.821939 -2.845978 0.11364090
