Pedestrian -1 -1 -4.5715 243.9234 172.2388 309.9737 312.8533 1.711906 0.654368 0.956771 -4.222497 1.599836 9.296503 -4.997839 0.93256235
Pedestrian -1 -1 -4.2293 471.0007 159.4030 571.5496 373.0000 1.742521 0.621670 0.613790 -0.709457 1.571202 5.990790 -4.347218 0.90245402
Pedestrian -1 -1 -7.6372 334.9826 169.1864 417.0901 344.3216 1.744967 0.659102 0.892499 -2.418277 1.622987 7.631250 -7.944072 0.68267310
Pedestrian -1 -1 -4.7706 441.6790 168.8395 490.8798 304.1484 1.739045 0.604890 0.706461 -1.872607 1.576999 9.649377 -4.962241 0.53138381
Pedestrian -1 -1 -4.3244 249.4193 159.7883 298.3777 255.5570 1.790827 0.618095 0.758596 -6.331898 1.385430 13.824326 -4.753955 0.45377469
Pedestrian -1 -1 -4.4815 368.7084 170.0562 432.6524 314.8224 1.731826 0.632838 0.670099 -2.532542 1.595607 8.942360 -4.757494 0.42467108
Pedestrian -1 -1 -8.1142 647.6848 165.3254 668.4849 217.4531 1.826277 0.616921 0.538576 1.982144 1.260007 25.487495 -8.036611 0.34640417
Pedestrian -1 -1 -4.1016 307.1914 166.7440 367.5385 264.3471 1.787704 0.706961 0.871978 -5.052854 1.518038 13.668534 -4.455664 0.32658944
Pedestrian -1 -1 -4.6475 491.9055 162.1962 510.4434 210.9667 1.893893 0.678207 0.736293 -3.963851 1.144628 28.287224 -4.786757 0.27693605
Pedestrian -1 -1 -6.7802 452.9387 161.3147 472.1592 202.2343 1.839129 0.670271 0.614536 -6.345143 0.932182 32.739555 -6.971635 0.23274231
Pedestrian -1 -1 -4.6866 540.6129 165.1212 555.0070 211.4353 1.792888 0.548505 0.555626 -2.115760 1.159196 28.098860 -4.761710 0.22709122
Pedestrian -1 -1 -7.3003 402.6505 165.1833 468.4116 268.5580 1.751765 0.689747 1.056817 -2.977904 1.475886 12.783580 -7.529154 0.16159461
Pedestrian -1 -1 -6.5111 345.1507 174.1482 387.5893 259.8543 1.696322 0.650914 0.693360 -4.845916 1.551400 14.675783 -6.830000 0.15262532
Pedestrian -1 -1 -3.3972 454.2067 160.9005 472.5803 203.9815 1.875010 0.655075 0.651099 -6.109514 0.978758 31.699924 -3.587559 0.11644197
Pedestrian -1 -1 -8.0226 648.7203 166.0718 668.3139 217.2837 1.817904 0.616822 0.550011 2.022513 1.270634 25.800915 -7.944330 0.11538442
Cyclist -1 -1 -4.5604 330.7502 166.5160 422.7836 347.0685 1.746577 0.684339 1.969252 -2.478490 1.602339 7.973406 -4.861772 0.26371086
Cyclist -1 -1 -4.9563 402.4843 164.9406 471.9789 276.3324 1.831634 0.762880 1.899248 -3.008674 1.559973 12.830725 -5.186592 0.25644660
Cyclist -1 -1 -2.5497 298.5479 170.2687 401.1925 270.2739 1.845139 0.688639 1.780414 -4.870141 1.638520 13.809623 -2.888786 0.18698381
Cyclist -1 -1 -5.8460 318.9781 173.9323 416.9277 263.4210 1.772393 0.639922 1.798799 -4.789298 1.623095 14.653654 -6.161846 0.17902091
Cyclist -1 -1 -4.7264 649.2842 166.8977 665.8786 217.5644 1.737334 0.558452 1.729696 1.959081 1.237040 25.511927 -4.649777 0.15955569
Cyclist -1 -1 -4.5459 244.2256 160.2042 297.5548 259.6719 1.778941 0.651634 1.747502 -6.346394 1.398685 13.775749 -4.977596 0.14159368
Cyclist -1 -1 -6.0830 320.1251 173.6248 419.4333 264.2657 1.739022 0.734778 1.765019 -4.603283 1.588525 14.245848 -6.395498 0.10689133
