Car -1 -1 -4.5897 527.5234 174.1932 601.6194 230.5266 1.533486 1.709601 4.433675 -1.039693 1.335079 21.829006 -4.637249 0.99989319
Pedestrian -1 -1 -4.8595 673.7753 163.2074 743.3079 328.6522 1.775892 0.662484 0.774848 1.139024 1.580236 8.100498 -4.719765 0.94528389
Pedestrian -1 -1 -4.7002 752.8211 161.9053 797.0361 284.7653 1.781838 0.627691 0.750156 2.576606 1.498307 10.858051 -4.467192 0.86657178
Pedestrian -1 -1 -5.0819 868.3157 163.3778 946.4131 313.2220 1.716426 0.634965 0.731685 3.593877 1.509530 8.602378 -4.686170 0.78133196
Pedestrian -1 -1 -6.1947 828.6497 171.5180 911.0529 342.5109 1.653252 0.696497 0.742128 2.729884 1.557451 7.418580 -5.842123 0.71828896
Pedestrian -1 -1 -5.2320 948.1533 150.6457 1091.6315 373.0000 1.720772 0.587132 0.708392 2.834966 1.521148 5.020824 -4.717948 0.62801874
Pedestrian -1 -1 -8.8311 770.9953 161.2453 893.5449 373.0000 1.703591 0.630840 0.796609 1.941157 1.542830 6.235403 -8.529310 0.42086607
Pedestrian -1 -1 -5.0547 1002.5878 169.8476 1087.4309 326.6555 1.618550 0.592920 0.659216 4.741715 1.498978 7.797406 -4.508320 0.25327858
Pedestrian -1 -1 -3.6742 758.7274 162.9733 785.1901 212.1298 1.908594 0.665304 0.785499 6.699493 1.189615 28.324665 -3.441947 0.24344397
Pedestrian -1 -1 -7.6905 494.0445 161.4464 537.8281 262.2176 1.762482 0.645696 0.960653 -1.582870 1.412360 13.057352 -7.811102 0.21583691
Pedestrian -1 -1 -3.7916 0.0000 99.7574 178.7920 373.0000 1.834745 0.701915 0.961320 -2.499281 1.556755 2.996820 -4.486755 0.17565732
Pedestrian -1 -1 -8.7488 780.5935 154.0924 893.8448 352.6249 1.715365 0.606996 0.800379 2.136542 1.479280 6.707855 -8.440411 0.12738316
Pedestrian -1 -1 -5.4015 967.4694 136.4743 1150.2908 373.0000 1.745013 0.625450 0.742301 2.745437 1.491750 4.463190 -4.850017 0.11934380
Pedestrian -1 -1 -5.2116 993.0478 137.6216 1210.4103 373.0000 1.715662 0.625709 0.618985 2.280633 1.527470 3.429305 -4.624692 0.11503676
Cyclist -1 -1 -5.0011 487.2785 160.8108 550.6081 266.1125 1.781202 0.643348 1.831718 -1.580825 1.431862 13.119064 -5.121007 0.79135960
Cyclist -1 -1 -4.4082 756.9436 152.9155 889.0919 373.0000 1.824205 0.610865 1.742349 1.932020 1.610798 6.272225 -4.109379 0.28979802
Cyclist -1 -1 -8.3540 962.3981 161.0684 1094.4382 312.9457 1.665437 0.623055 1.707738 5.065820 1.442085 8.738508 -7.828655 0.13849182
Cyclist -1 -1 -4.9821 975.0126 168.1167 1107.7939 360.6555 1.629223 0.655874 1.666443 4.134017 1.516702 6.968502 -4.446627 0.13025254
Cyclist -1 -1 -5.0827 943.2823 134.6602 1193.4536 373.0000 1.762695 0.634414 1.863809 2.716658 1.531802 4.524954 -4.541983 0.10654879
Cyclist -1 -1 -4.6548 833.0957 164.7532 911.9413 360.3815 1.735055 0.655334 1.741776 2.739961 1.587246 7.300005 -4.295730 0.10350724
