Car -1 -1 -8.1331 635.9586 180.3071 752.6519 260.6897 1.456564 1.571191 3.217065 1.595845 1.630149 15.113723 -8.027873 0.99867839
Car -1 -1 -3.6069 555.0852 175.2390 659.0228 212.9563 1.475499 1.643177 4.023887 -0.153679 1.580060 30.078775 -3.611974 0.98852390
Car -1 -1 -7.0556 703.7528 170.2834 813.5999 212.9090 1.439999 1.595857 3.879392 5.359008 1.352856 26.093658 -6.853034 0.88582921
Car -1 -1 -7.4336 789.7565 168.9113 875.1685 207.8532 1.469927 1.698273 4.357598 9.094471 1.320802 29.433517 -7.133919 0.80889970
Car -1 -1 -2.3469 0.0000 191.0723 36.2113 289.9012 1.699024 1.816471 4.799030 -14.043888 2.066880 13.662009 -3.146032 0.20493644
Car -1 -1 -4.5526 0.0000 190.9881 30.2738 292.2437 1.463508 1.651840 4.121916 -12.128101 1.854404 13.387126 -5.288720 0.17551474
Car -1 -1 -8.4272 857.5250 169.0213 937.4295 202.4847 1.391895 1.611368 3.538907 12.581800 1.232177 31.905258 -8.051608 0.16954061
Car -1 -1 -2.3290 0.0000 186.6885 53.2848 305.5591 1.763190 1.866240 5.018375 -12.433954 2.008449 11.864507 -3.137800 0.15593803
Car -1 -1 -2.3006 0.0000 192.9624 42.3943 342.0502 1.749520 1.860111 4.960615 -10.869047 2.044543 9.658563 -3.144928 0.13088626
Car -1 -1 -2.3382 0.0000 188.2966 40.6391 270.4386 1.736435 1.874112 5.015766 -16.393106 2.113425 16.628605 -3.116459 0.13077174
Car -1 -1 -4.6936 0.0000 186.2012 22.5718 269.6825 1.484486 1.652235 3.953225 -13.818718 1.808999 15.520761 -5.421008 0.12154114
Car -1 -1 -4.5826 0.0000 183.7225 27.8349 368.6920 1.557562 1.652984 3.900943 -7.995242 1.714550 8.380073 -5.344476 0.11725748
Car -1 -1 -4.6553 0.0000 186.9894 17.7463 313.6170 1.488179 1.620308 3.676041 -10.008901 1.738249 10.845860 -5.400608 0.11605483
Car -1 -1 -2.3390 0.0000 189.6097 38.4417 282.0827 1.707522 1.888896 4.883627 -14.833397 2.069885 14.646102 -3.130705 0.10337611
Pedestrian -1 -1 -6.6808 0.0000 175.0517 39.0884 287.0664 1.563789 0.614234 0.719644 -8.984740 1.597024 10.550753 -7.386199 0.13144852
Pedestrian -1 -1 -6.5530 0.0000 167.2034 48.3480 331.9584 1.623516 0.667810 0.726736 -6.541706 1.567534 7.597836 -7.263885 0.13122225
Pedestrian -1 -1 -6.6211 0.0000 175.9058 26.8591 286.9095 1.579136 0.607467 0.760125 -9.358451 1.626428 10.771567 -7.336438 0.10334801
Pedestrian -1 -1 -6.6042 0.0000 166.6648 68.9204 354.2347 1.641076 0.677380 0.727813 -5.736303 1.586626 6.800013 -7.304909 0.10172293
Cyclist -1 -1 -4.6931 0.0000 166.4325 6.8831 295.5265 1.756982 0.635159 1.725526 -9.407415 1.669285 10.683827 -5.415050 0.13709645
Cyclist -1 -1 -4.6083 0.0000 170.1924 21.4267 285.6806 1.715083 0.655752 1.747885 -10.040269 1.675256 11.619842 -5.320948 0.12154505
