Car -1 -1 -7.6500 363.7554 175.7847 481.5132 262.7432 1.656535 1.668790 4.209448 -3.952528 1.477035 15.830958 -7.894703 0.99993849
Car -1 -1 -7.8591 579.8591 176.1703 644.6551 236.0782 1.524920 1.649527 4.212988 0.061459 1.294831 20.406261 -7.856075 0.99958307
Car -1 -1 -7.4633 241.7271 183.9174 356.5540 246.8412 1.498042 1.555043 3.471565 -8.005105 1.467291 18.858059 -7.864761 0.99799937
Car -1 -1 -7.7037 457.1841 179.8892 516.5549 222.9324 1.513894 1.640577 3.997194 -4.548584 1.326710 27.293795 -7.868802 0.99746478
Car -1 -1 -7.7393 490.0312 181.1531 527.2583 209.8110 1.449025 1.574662 3.413242 -5.237667 1.243765 38.071022 -7.876039 0.86196101
Car -1 -1 -7.1680 0.0000 84.5597 291.5464 375.0000 1.983801 1.851809 4.529771 -4.258762 1.574885 5.187696 -7.855417 0.64749116
Car -1 -1 -7.5402 345.2253 184.4672 416.1217 225.6294 1.458185 1.565805 3.457513 -8.549794 1.431827 27.201696 -7.844688 0.49951565
Car -1 -1 -7.7499 526.5560 163.8825 557.8341 193.1935 2.081844 1.869931 4.313614 -4.829170 0.566787 53.226814 -7.840423 0.26001105
Car -1 -1 -2.2885 0.0000 26.2296 314.5661 375.0000 2.513210 2.203060 5.934299 -5.534645 1.653075 5.058741 -3.118780 0.19327219
Car -1 -1 -7.1356 1099.9789 105.2068 1240.0000 328.2798 2.562606 2.119104 6.179751 10.168253 1.643641 9.403502 -6.311128 0.18205291
Car -1 -1 -4.1015 0.0000 174.9588 202.9273 286.7727 1.403244 1.616647 4.119593 -8.229495 1.274679 11.102352 -4.739358 0.16263950
Car -1 -1 -7.8225 576.8260 182.2604 624.5446 223.9685 1.444391 1.654496 3.577793 -0.249588 1.342204 26.701481 -7.831800 0.11777546
