Car -1 -1 -8.0009 684.6411 171.9378 758.4825 234.0411 1.775111 1.678541 4.116694 3.644214 1.502272 22.601297 -7.841078 0.99975175
Pedestrian -1 -1 -7.3656 11.5470 165.8801 175.3231 373.0000 1.682145 0.629478 0.700265 -3.365614 1.588176 4.743774 -7.982618 0.90754282
Pedestrian -1 -1 -4.8723 967.6890 152.2252 1095.5802 373.0000 1.676644 0.591859 0.586583 2.599564 1.509903 4.489635 -4.347491 0.52759886
Pedestrian -1 -1 -6.1683 192.0752 225.9783 315.5226 373.0000 1.361695 0.591928 0.714661 -2.445275 1.697318 5.010494 -6.622352 0.45601889
Pedestrian -1 -1 -5.1678 932.6556 159.3860 989.0441 277.8679 1.709826 0.547995 0.577463 5.273975 1.391349 10.656243 -4.708233 0.39862534
Pedestrian -1 -1 -5.1759 935.6877 159.8025 991.2189 273.2168 1.692754 0.564396 0.566032 5.489156 1.369556 11.004689 -4.713243 0.31629533
Pedestrian -1 -1 -5.1058 937.7180 164.1111 989.8277 267.3250 1.595020 0.562962 0.564998 5.695176 1.326940 11.402280 -4.642529 0.26336414
Pedestrian -1 -1 -5.1539 932.8466 156.4672 990.4688 279.5954 1.721100 0.542553 0.581748 5.124848 1.371846 10.336873 -4.693624 0.20753738
Pedestrian -1 -1 -4.4267 945.2486 159.7637 993.6695 266.9434 1.676772 0.567564 0.547904 5.914545 1.337355 11.631989 -3.956320 0.19633751
Pedestrian -1 -1 -7.3772 474.8859 173.5002 498.5112 221.9242 1.760048 0.653684 0.611523 -4.253251 1.469667 26.501596 -7.536326 0.13807777
Pedestrian -1 -1 -5.1538 945.7089 158.8611 995.7418 257.8444 1.613660 0.565090 0.538577 6.108850 1.245223 11.988160 -4.682506 0.10014020
