Car -1 -1 -5.0562 451.4227 173.0264 522.7126 210.8927 1.481361 1.645204 4.179457 -5.082066 1.189216 29.885006 -5.224676 0.99545658
Car -1 -1 -7.0679 0.0000 201.0611 295.6402 369.0000 1.473356 1.628671 3.873478 -3.245561 1.629591 3.401623 -7.829825 0.78380018
Pedestrian -1 -1 -4.5623 1022.1361 145.4452 1070.2562 257.0026 1.727495 0.559278 0.718941 7.069193 1.185048 11.403829 -4.007358 0.54130006
Pedestrian -1 -1 -6.9074 985.6107 161.5973 1049.6809 257.6657 1.622351 0.504503 0.816109 7.080323 1.303509 12.231806 -6.382700 0.51104569
Pedestrian -1 -1 -3.5122 1018.7673 145.0236 1087.3411 258.6305 1.730236 0.498238 0.779214 6.959770 1.190318 11.086574 -2.951654 0.28014380
Pedestrian -1 -1 -8.9931 1107.8632 143.4781 1139.3363 214.8284 1.807464 0.564666 0.461478 13.343444 0.869938 18.250067 -8.361746 0.19980238
Pedestrian -1 -1 -7.2192 1048.1189 145.9743 1082.1504 217.9914 1.782376 0.591079 0.410783 11.568732 0.928213 17.848032 -6.644152 0.16422217
Pedestrian -1 -1 -3.7248 984.1879 165.7005 1051.2104 256.0939 1.576766 0.480440 0.918687 7.296044 1.318987 12.599943 -3.199965 0.16361639
Pedestrian -1 -1 -7.2019 1045.5317 146.1098 1080.2032 220.7278 1.827929 0.568183 0.453333 11.392875 0.985794 17.664841 -6.629119 0.15937856
Pedestrian -1 -1 -3.4081 1014.5821 146.2487 1084.9985 263.2091 1.742121 0.464487 0.821366 6.771598 1.232340 10.871645 -2.851024 0.13487028
Pedestrian -1 -1 -3.6055 1101.1034 146.9525 1144.5480 230.2814 1.828450 0.559878 0.596535 11.546573 1.092675 15.839832 -2.975651 0.11656548
Pedestrian -1 -1 -4.7026 1004.7552 143.6236 1052.3510 272.4478 1.740407 0.559683 0.606304 5.909409 1.242608 9.956535 -4.166954 0.11250106
Pedestrian -1 -1 -7.8013 1165.7589 146.7387 1195.2986 218.8793 1.769240 0.550989 0.446954 14.357964 0.941575 17.690817 -7.119498 0.10499449
Pedestrian -1 -1 -8.1340 1103.4091 144.6698 1133.0045 216.8292 1.812413 0.512943 0.424353 13.050885 0.912796 18.045439 -7.507807 0.10107367
