Car -1 -1 -7.5364 317.3024 179.0236 440.8147 253.3479 1.517940 1.602343 3.766877 -5.163266 1.391636 16.577040 -7.838397 0.99959785
Car -1 -1 -7.3525 70.2696 194.7829 370.6720 347.1679 1.412160 1.593052 3.650879 -4.393715 1.553394 8.747275 -7.817970 0.99918491
Car -1 -1 -7.8303 574.1063 175.4966 612.2625 211.4627 1.516760 1.609399 3.899513 -0.646909 1.107044 32.268192 -7.850328 0.99829119
Car -1 -1 -7.6099 332.0846 172.6919 409.2392 233.5538 2.005270 1.699028 4.015978 -8.424674 1.592794 25.748714 -7.926071 0.74776411
Car -1 -1 -7.6882 456.1508 165.3726 528.6830 223.1843 2.073522 1.988704 5.186846 -4.465036 1.361971 28.386055 -7.844244 0.54560316
Car -1 -1 -7.5387 132.8860 183.8273 270.1436 256.6886 1.425453 1.642501 3.449482 -8.867313 1.398447 15.913902 -8.047018 0.33231822
Car -1 -1 -4.3362 236.3407 181.0838 327.7643 223.0835 1.391125 1.644929 3.965206 -11.617211 1.254425 25.828842 -4.758907 0.24451171
Car -1 -1 -7.7234 505.2169 171.9279 541.6804 202.8039 1.746935 1.692788 3.550814 -4.964784 0.995280 42.459435 -7.839820 0.11636128
Pedestrian -1 -1 -7.1218 0.0000 185.2444 43.3610 332.4651 1.489643 0.575084 0.618507 -6.547107 1.490116 7.588848 -7.833681 0.12989067
Pedestrian -1 -1 -6.5788 0.0000 178.2661 34.6517 307.7303 1.565587 0.624110 0.762642 -7.968273 1.481705 9.181865 -7.293519 0.11587276
Pedestrian -1 -1 -6.6102 0.0000 177.9925 33.8970 317.9233 1.542249 0.625298 0.736382 -7.344955 1.462795 8.398203 -7.328781 0.10777077
Cyclist -1 -1 -1.6823 0.0000 167.5341 44.2274 328.6422 1.708764 0.629012 1.719665 -7.237742 1.521385 8.440826 -2.391125 0.14622961
Cyclist -1 -1 -4.5364 0.0000 166.4537 26.1487 324.7598 1.779629 0.578960 1.905396 -7.911531 1.568869 9.046494 -5.255011 0.13603969
Cyclist -1 -1 -4.8781 0.0000 171.4146 33.4634 306.4770 1.695557 0.698738 1.778055 -8.605500 1.522457 9.858575 -5.595786 0.10340898
