Car -1 -1 -8.0731 699.9800 185.8551 833.2975 276.6737 1.410552 1.645362 3.649379 2.726262 1.688045 13.575378 -7.874950 0.99983704
Car -1 -1 -5.7482 55.6663 179.3923 363.0840 278.4482 1.527296 1.680219 4.276338 -6.643504 1.645471 12.160035 -6.248243 0.99959999
Car -1 -1 -7.9470 660.1093 173.3174 719.3193 227.3743 1.695215 1.633011 3.876053 2.591633 1.711969 24.608297 -7.842052 0.99905306
Car -1 -1 -2.7987 231.3783 165.6558 434.8302 247.6594 1.771092 1.703449 3.996894 -6.248695 1.615327 16.474403 -3.161245 0.92423332
Car -1 -1 -2.7993 364.4664 179.1424 487.1770 228.9817 1.591187 1.637742 3.662663 -6.187360 1.810983 24.269327 -3.048948 0.77814943
Car -1 -1 -6.2284 305.7251 167.3525 455.5863 237.8379 1.716747 1.656914 3.572604 -5.937630 1.582452 18.819759 -6.534037 0.60969996
Car -1 -1 -2.6608 0.0000 184.2243 135.7057 374.0000 1.532245 1.673944 4.079492 -7.169389 1.662616 6.842884 -3.469482 0.49515179
Car -1 -1 -2.5914 340.0601 181.9836 471.6530 233.4342 1.439475 1.574543 3.534519 -6.208234 1.731408 21.860718 -2.868120 0.22772519
Car -1 -1 -7.9816 639.3777 176.6861 677.9086 207.1032 1.528678 1.593493 3.669737 2.517290 1.743467 38.617550 -7.916553 0.14345397
Cyclist -1 -1 -4.3450 0.0000 162.8373 116.1597 374.0000 1.715559 0.588383 1.712723 -4.984241 1.640940 6.258615 -5.017509 0.17443466
