Car -1 -1 -4.4359 337.4788 195.1744 446.1986 265.3159 1.452571 1.583354 3.996567 -5.411108 2.078251 18.227947 -4.724481 0.99359977
Car -1 -1 -7.7908 638.9668 181.4860 674.0630 211.5010 1.432393 1.593540 3.595784 2.412775 1.902099 37.402412 -7.726374 0.98949569
Car -1 -1 -4.5456 482.3104 187.8026 529.0280 218.8773 1.397511 1.670509 4.210080 -5.267057 2.199854 36.617645 -4.688493 0.96376646
Car -1 -1 -7.3316 1129.6240 141.8770 1241.0000 374.0000 1.663076 1.770572 4.697918 5.370505 1.557438 3.452981 -6.332225 0.10050515
Pedestrian -1 -1 -7.9973 712.9725 166.5918 735.1951 221.7034 1.899415 0.643563 0.919961 3.951354 1.683290 25.331358 -7.842549 0.47176510
Pedestrian -1 -1 -8.0070 338.2318 175.0610 400.8912 325.6767 1.769021 0.639727 0.652120 -3.036765 1.797356 8.924513 -8.335005 0.36434200
Pedestrian -1 -1 -8.0661 250.6882 170.8085 334.1004 338.6394 1.801300 0.711710 0.842222 -3.715477 1.779046 8.294185 -8.487261 0.16517280
Cyclist -1 -1 -3.8379 194.8537 180.5615 368.6037 355.7711 1.741970 0.638477 1.811184 -3.711796 1.839584 8.211939 -4.262454 0.88016373
Cyclist -1 -1 -4.6140 482.6056 179.4951 508.2426 239.2162 1.758605 0.608567 1.880657 -3.591156 1.973442 22.416952 -4.772893 0.80793321
Cyclist -1 -1 -3.8235 282.1559 172.4184 437.5779 337.8257 1.793230 0.621120 1.788737 -3.024600 1.788207 8.745983 -4.156457 0.64940846
