Car -1 -1 -4.5643 438.9691 171.6724 506.9315 233.0305 1.961081 1.738768 4.118413 -4.405828 1.647418 25.040096 -4.738508 0.44514745
Pedestrian -1 -1 -4.9578 768.8563 154.5837 832.7386 300.0809 1.793888 0.619335 0.767895 2.500343 1.462705 9.246295 -4.693666 0.95764387
Pedestrian -1 -1 -4.0820 118.9636 183.3687 251.2660 373.0000 1.653398 0.638870 0.754914 -3.511573 1.670844 6.021708 -4.609982 0.93557829
Pedestrian -1 -1 -5.1377 1036.9038 141.6196 1137.6187 336.0357 1.729905 0.554974 0.669991 4.498224 1.375771 6.766934 -4.551036 0.88398737
Pedestrian -1 -1 -4.3574 248.7933 183.0139 303.6027 295.7977 1.729605 0.603721 0.650852 -5.180913 1.754931 11.371757 -4.784928 0.37233943
Pedestrian -1 -1 -6.4150 713.1755 190.9016 773.1660 255.5763 1.287027 0.505583 1.142938 2.840884 1.483275 14.664345 -6.223664 0.30810770
Pedestrian -1 -1 -6.5100 713.1044 189.6807 770.4582 254.5739 1.325247 0.523233 1.085781 2.885287 1.500101 15.022237 -6.320221 0.23295689
Pedestrian -1 -1 -3.2597 706.0213 190.8855 774.9538 257.3083 1.280860 0.512962 1.287637 2.700346 1.471386 14.237219 -3.072308 0.13361670
Pedestrian -1 -1 -6.0394 0.0000 161.9671 125.5087 373.0000 1.759279 0.803773 0.877688 -3.697368 1.649809 4.602715 -6.716128 0.12598467
Pedestrian -1 -1 -3.4270 130.3574 178.1683 233.4605 366.2186 1.677278 0.608713 0.707223 -4.062452 1.648281 6.873214 -3.960835 0.11220914
Cyclist -1 -1 -3.8794 0.0000 161.4126 123.9810 373.0000 1.748774 0.658574 1.826773 -4.951372 1.612761 5.838832 -4.582784 0.12064157
Cyclist -1 -1 -4.3356 227.5646 182.0083 310.4730 306.7538 1.790152 0.558047 1.789739 -5.187510 1.799360 11.224763 -4.768510 0.11551807
