Car -1 -1 -7.6328 385.6753 182.1632 478.0226 240.3695 1.429384 1.605017 3.997230 -4.730325 1.354581 19.663448 -7.868871 0.99982953
Car -1 -1 -7.4411 161.5939 187.7700 397.0652 318.4359 1.455710 1.579140 3.610261 -4.277905 1.497430 9.888012 -7.849399 0.99947232
Car -1 -1 -7.8632 574.8317 174.9039 609.5538 207.0454 1.519068 1.642068 4.137241 -0.839123 1.031870 36.068630 -7.886447 0.99669528
Car -1 -1 -7.7503 464.8449 178.8008 514.1840 217.6491 1.457371 1.590777 3.555541 -4.713414 1.216878 28.788780 -7.912634 0.99584758
Car -1 -1 -7.2331 0.0000 160.9051 144.6632 266.7409 1.898023 1.842978 4.531568 -12.132955 1.462202 15.202914 -7.906699 0.99553418
Car -1 -1 -7.6331 338.0233 180.7637 408.4729 226.2749 1.540991 1.674571 3.694607 -8.514287 1.390405 26.256992 -7.946621 0.95913643
Car -1 -1 -4.1414 129.2101 164.0429 209.0049 198.6352 2.138918 1.968300 5.182528 -28.602089 0.829914 47.063385 -4.687504 0.88915569
Car -1 -1 -7.5352 202.9763 178.2188 327.1915 255.6843 1.710166 1.671157 3.770893 -8.383883 1.555856 17.842009 -7.974455 0.73691982
Car -1 -1 -3.9780 0.0000 153.6040 71.5176 296.9840 1.967633 1.915529 4.883190 -11.971550 1.533977 12.339412 -4.748294 0.26818529
Car -1 -1 -2.3656 0.0000 140.4411 102.5892 274.8731 2.418445 2.115001 5.880116 -13.572401 1.613103 14.008686 -3.135157 0.20161857
Car -1 -1 -3.9861 0.0000 170.5140 51.2260 218.6576 1.805158 1.660229 4.350338 -25.135239 1.254073 29.140760 -4.697800 0.12474512
Pedestrian -1 -1 -7.0617 0.0000 160.6904 34.5896 332.1691 1.627591 0.576186 0.695219 -6.361524 1.394967 7.189394 -7.786038 0.10747445
Pedestrian -1 -1 -6.4835 0.0000 173.8360 38.0411 308.1947 1.625724 0.612535 0.820854 -7.957350 1.488188 9.210103 -7.196052 0.10724112
Cyclist -1 -1 -1.7336 0.0000 167.2936 39.7018 313.9878 1.723364 0.621763 1.755992 -7.979812 1.512973 9.246622 -2.445605 0.13982226
