Car -1 -1 -6.2149 632.9482 168.5312 772.2346 217.1825 1.515491 1.654610 4.393866 3.190047 1.142945 23.280722 -6.078740 0.99651223
Car -1 -1 -7.0589 0.0000 202.3965 297.5941 369.0000 1.474091 1.625113 3.862930 -3.254049 1.641276 3.425387 -7.818674 0.76940829
Pedestrian -1 -1 -8.3927 1173.2147 128.8264 1223.0000 247.2931 1.889631 0.658891 0.727236 9.943189 1.065782 11.691040 -7.687897 0.55381542
Pedestrian -1 -1 -8.5422 1138.5272 141.7709 1205.4556 247.1276 1.829110 0.604190 0.733583 10.076028 1.157104 12.646590 -7.869454 0.52735609
Pedestrian -1 -1 -5.1027 998.8836 143.8427 1063.8833 274.5700 1.754395 0.558146 0.676617 5.879503 1.262845 9.864367 -4.565203 0.42875120
Pedestrian -1 -1 -8.7006 1050.9524 150.9443 1088.2712 222.3111 1.751363 0.537302 0.566284 11.580698 1.026383 17.695204 -8.121057 0.38010806
Pedestrian -1 -1 -8.3753 1149.4111 133.6305 1221.0314 245.8609 1.869414 0.641404 0.800792 9.960034 1.089091 12.224255 -7.691574 0.18114549
Pedestrian -1 -1 -4.0869 1147.4215 142.2014 1205.2266 242.4999 1.796104 0.555306 0.644901 10.461176 1.110639 13.014749 -3.409894 0.15883064
Pedestrian -1 -1 -5.3646 1156.8136 138.9255 1211.0466 228.6749 1.791275 0.630342 0.582596 11.743641 0.961862 14.412820 -4.680882 0.11830276
Pedestrian -1 -1 -8.5882 1003.6954 145.5579 1037.8767 216.3769 1.839153 0.608620 0.485879 10.929339 0.932032 18.661539 -8.058353 0.10730264
Pedestrian -1 -1 -4.2347 1100.3293 143.4104 1141.9073 227.3636 1.838827 0.548220 0.580357 11.530828 1.026796 15.861565 -3.606132 0.10487098
Cyclist -1 -1 -4.3145 132.8966 180.0246 193.3497 257.9206 1.762728 0.620443 1.688747 -10.556317 1.752309 16.883169 -4.873258 0.11162903
Cyclist -1 -1 -3.7326 1136.4219 139.8836 1223.0000 229.7998 1.796694 0.604139 1.711794 11.974140 0.985459 14.513193 -3.042791 0.10769503
