Car -1 -1 -4.3036 204.3272 189.9706 328.2131 247.4503 1.424671 1.695580 4.405647 -10.070549 1.985770 21.437910 -4.742711 0.99926156
Car -1 -1 -7.7248 476.9114 177.6148 542.6589 233.5868 1.597906 1.601030 3.544386 -3.117239 1.758979 22.679220 -7.861364 0.99910212
Car -1 -1 -7.8635 581.4728 176.6534 608.0090 202.1584 1.563027 1.647482 3.699162 -1.040652 1.818249 46.651508 -7.885797 0.98899221
Car -1 -1 -4.3773 354.0237 183.9964 404.8190 213.7726 1.600242 1.680150 3.761341 -13.425748 2.279500 42.103046 -4.685987 0.95517844
Pedestrian -1 -1 -6.2706 656.2674 165.9625 680.1022 212.0077 1.798584 0.529412 0.929413 2.254786 1.529095 28.490334 -6.191577 0.29125020
Pedestrian -1 -1 -6.0103 650.0325 163.9392 672.2520 209.2664 1.865290 0.555926 0.804826 2.090879 1.498131 30.089354 -5.940949 0.18998809
Pedestrian -1 -1 -6.0158 658.1153 166.0021 683.2429 211.6515 1.813444 0.537674 0.899233 2.402004 1.540950 29.070108 -5.933360 0.17233673
Pedestrian -1 -1 -6.2184 643.3262 164.4315 664.7418 210.0036 1.868143 0.549029 0.853087 1.784297 1.522579 29.903423 -6.158820 0.13039395
Pedestrian -1 -1 -5.8379 658.5746 165.0227 682.8628 210.6276 1.834514 0.531685 0.841656 2.435772 1.519190 29.466335 -5.755403 0.12511209
Cyclist -1 -1 -2.8482 639.8140 167.0036 690.0909 214.7853 1.847971 0.638294 1.878765 2.127574 1.621404 28.541254 -2.773763 0.15743031
