Car -1 -1 -5.0222 744.9453 188.7560 965.2544 332.4815 1.452269 1.591426 3.835950 2.929890 1.707117 9.647393 -4.727319 0.99433339
Car -1 -1 -2.8321 264.7084 176.6104 418.6375 240.7004 1.589506 1.613199 3.447866 -6.977987 1.692095 18.880943 -3.186119 0.99335045
Car -1 -1 -2.2741 0.0000 190.4261 186.1233 374.0000 1.438490 1.593675 4.020381 -6.294830 1.620067 6.480990 -3.044893 0.89760739
Car -1 -1 -5.9407 310.3366 180.9117 475.2751 232.1609 1.444925 1.599118 4.436834 -6.455291 1.695382 21.542212 -6.231884 0.82079780
Car -1 -1 -7.8848 643.8681 181.9267 675.9377 210.4771 1.355473 1.531012 3.465938 2.489653 1.844221 37.133831 -7.817884 0.71786767
Car -1 -1 -8.0367 664.3401 140.3224 778.5658 241.3763 2.449687 2.067457 6.088970 2.891655 1.660776 20.577291 -7.897101 0.45580164
Car -1 -1 -2.8637 365.5621 182.6909 489.7264 228.5560 1.445647 1.582134 3.705154 -6.038474 1.783484 23.954344 -3.110640 0.45476300
Car -1 -1 -8.5474 818.0353 0.0000 1241.0000 374.0000 2.307657 2.073878 5.778879 2.843374 1.657253 3.490088 -7.863804 0.26776421
Pedestrian -1 -1 -7.3417 66.9297 162.4498 149.9915 298.3705 1.748634 0.663307 0.684611 -6.746419 1.614483 9.655640 -7.951527 0.21873873
Pedestrian -1 -1 -7.1878 79.5154 163.2356 156.7507 293.0851 1.746830 0.634325 0.631224 -6.885996 1.617136 10.042228 -7.788873 0.13050197
Pedestrian -1 -1 -3.9425 0.0000 100.1536 132.3877 374.0000 1.798967 0.688596 0.758600 -2.510681 1.556608 2.794471 -4.674487 0.12294945
Pedestrian -1 -1 -7.0275 83.9892 162.5517 155.7556 287.7785 1.748499 0.611470 0.604513 -7.134817 1.604351 10.437858 -7.627103 0.10312776
