Car -1 -1 -7.6608 402.7536 171.2073 520.2921 266.7191 1.671013 1.599383 3.784518 -2.886536 1.641903 14.518312 -7.857107 0.99995160
Car -1 -1 -4.2268 187.8868 186.8225 294.2476 237.8075 1.535852 1.619241 3.881209 -12.564583 2.052684 24.758915 -4.696429 0.99718565
Car -1 -1 -7.8464 585.8870 171.5738 613.1581 197.9532 1.626859 1.681961 4.226065 -0.696689 1.547607 46.617477 -7.861351 0.98226708
Pedestrian -1 -1 -6.4167 687.9415 157.7400 726.1303 223.3377 1.803127 0.518477 0.992477 2.645601 1.387378 20.093887 -6.285760 0.55690324
Pedestrian -1 -1 -6.1745 671.5436 155.8389 706.7636 220.0395 1.862993 0.480320 0.987106 2.288206 1.368944 21.278095 -6.067347 0.23051620
Pedestrian -1 -1 -5.9863 669.6311 157.2994 703.3998 219.2518 1.840797 0.521508 0.904746 2.270345 1.378321 21.855572 -5.882743 0.16948278
Pedestrian -1 -1 -5.8306 680.5795 159.1061 716.2380 218.9693 1.805618 0.523613 0.958714 2.675836 1.390649 22.243023 -5.710851 0.15396646
Pedestrian -1 -1 -6.4460 680.9476 157.4053 722.0922 221.5681 1.789248 0.507608 1.084693 2.530669 1.358145 20.395798 -6.322572 0.14984442
Pedestrian -1 -1 -4.2054 649.6733 160.8017 677.0807 216.8794 1.791429 0.649146 0.666463 1.693036 1.406112 23.506357 -4.133478 0.14720786
Pedestrian -1 -1 -5.8860 681.2125 158.3386 719.3582 220.9264 1.820251 0.483094 1.017466 2.633415 1.397797 21.446787 -5.763864 0.13473704
Pedestrian -1 -1 -5.9775 680.3284 159.1224 715.1062 217.6739 1.801435 0.551556 0.962882 2.706369 1.378659 22.648939 -5.858536 0.11552338
Pedestrian -1 -1 -6.3889 678.8109 157.5453 719.0318 220.5004 1.794570 0.486168 1.105388 2.509231 1.357888 20.818787 -6.268944 0.11214455
Pedestrian -1 -1 -4.1901 649.7785 163.4617 676.0037 217.7204 1.773363 0.640325 0.634333 1.715094 1.466091 24.024370 -4.118833 0.11070673
Cyclist -1 -1 -2.7020 666.3831 157.5662 735.5281 226.4211 1.849495 0.616297 1.823927 2.476602 1.438553 20.127811 -2.579551 0.17981307
