Car -1 -1 -8.6813 818.4988 181.9330 1008.2059 258.9558 1.421194 1.558421 3.750607 6.419603 1.645478 15.820106 -8.295809 0.99877816
Car -1 -1 -8.0485 642.5060 185.5761 700.3358 226.9778 1.448313 1.613451 3.337912 2.281247 1.973707 28.065456 -7.967350 0.99452609
Car -1 -1 -2.6441 45.3878 168.0527 374.2041 297.3209 1.906399 1.742306 4.281915 -6.242899 1.835291 11.513414 -3.140988 0.97762555
Car -1 -1 -2.8717 332.2885 194.2865 472.7090 241.4141 1.485932 1.544505 4.281365 -6.947471 2.229799 24.261360 -3.150565 0.93377095
Car -1 -1 -2.4511 0.0000 203.4926 265.3414 341.7876 1.446479 1.558199 3.417923 -6.350195 1.859195 8.834335 -3.074337 0.81232256
Car -1 -1 -2.7758 451.9441 182.3027 528.0626 211.8821 1.754607 1.753942 4.334257 -7.482239 2.359422 44.917202 -2.940854 0.72130442
Car -1 -1 -7.8109 628.8741 184.0824 663.2997 214.7690 1.453207 1.630699 3.595900 1.872139 2.063973 37.401020 -7.760852 0.53081858
Car -1 -1 -7.8246 340.5128 192.6154 407.2274 250.2419 1.305635 1.573562 3.567046 -6.400900 1.895261 19.606615 -8.140133 0.49754608
Car -1 -1 -2.6122 389.7618 190.7190 485.8605 228.5470 1.401335 1.558894 3.464050 -6.986120 2.153847 29.156624 -2.847329 0.27087307
Car -1 -1 -5.5016 0.0000 205.1754 174.3619 374.0000 1.568896 1.663838 4.429730 -7.019523 1.921010 7.028286 -6.286359 0.16936046
