Pedestrian -1 -1 -5.1309 640.8207 139.1827 796.2162 369.0000 1.793654 0.624123 0.769630 0.570362 1.580235 4.116163 -4.993180 0.79794735
Pedestrian -1 -1 -4.8323 922.2739 126.0316 1026.0352 369.0000 1.818715 0.604498 0.836492 2.761900 1.435994 5.470003 -4.364694 0.78050333
Pedestrian -1 -1 -4.7368 548.4180 135.8279 593.6293 275.6472 1.844083 0.597218 0.726979 -0.529593 1.255302 9.711196 -4.791279 0.75508094
Pedestrian -1 -1 -5.0174 813.7764 139.6452 925.7722 369.0000 1.797546 0.603063 0.920757 2.083632 1.489154 5.816516 -4.673462 0.72194636
Pedestrian -1 -1 -2.6727 710.5842 136.7520 852.6790 369.0000 1.773363 0.559970 0.888165 1.272970 1.473366 5.356267 -2.439332 0.50862902
Pedestrian -1 -1 -7.3270 325.8514 158.0135 429.3744 369.0000 1.618349 0.561695 0.605957 -1.858297 1.450252 5.654062 -7.644563 0.42652524
Pedestrian -1 -1 -7.4553 232.7459 130.7716 291.4797 247.7310 1.885973 0.660420 0.703014 -5.742193 1.084483 11.770370 -7.909175 0.35593721
Pedestrian -1 -1 -4.8996 636.8513 129.3964 689.6345 264.7029 1.840824 0.622029 0.689236 0.760218 1.145966 9.996319 -4.823663 0.28485399
Pedestrian -1 -1 -5.4460 770.4806 135.1102 913.7408 369.0000 1.787925 0.599184 0.915371 1.767578 1.467986 5.531105 -5.136714 0.18892685
Cyclist -1 -1 -4.6624 645.7605 150.8595 674.7864 224.7038 1.945831 0.718656 1.706208 1.503272 1.165104 19.522787 -4.585538 0.10538104
