Pedestrian -1 -1 -8.0682 565.2279 158.9642 607.7036 254.8409 1.816360 0.636599 0.993002 -0.348574 1.390021 14.166381 -8.092824 0.90319622
Pedestrian -1 -1 -7.4673 164.9566 158.9568 312.1230 373.0000 1.646198 0.656809 0.799694 -2.519400 1.504493 4.965025 -7.936862 0.89069825
Pedestrian -1 -1 -4.6224 510.2159 160.1499 540.1384 241.7840 1.770113 0.597995 0.755925 -1.724953 1.307732 15.959199 -4.730062 0.78083068
Pedestrian -1 -1 -8.0852 726.8049 146.0056 764.3427 236.0434 1.863885 0.624264 0.746626 3.011770 1.129686 15.254734 -7.890264 0.60928637
Pedestrian -1 -1 -3.6031 831.9872 156.8749 896.1968 278.4247 1.682937 0.492464 0.713118 3.685004 1.342646 10.231596 -3.257382 0.50560963
Pedestrian -1 -1 -7.8149 589.5244 158.5507 608.3726 210.1701 1.889637 0.671593 0.804577 -0.110400 1.049910 26.709927 -7.819063 0.45683217
Pedestrian -1 -1 -6.6471 598.4420 155.0371 632.0673 208.6192 1.895691 0.600383 1.066773 0.471183 0.959851 25.877304 -6.628909 0.25208235
Pedestrian -1 -1 -7.4012 600.6276 158.2261 628.5189 210.1568 1.868798 0.687583 0.934044 0.464836 1.031645 26.422384 -7.383659 0.20558475
Pedestrian -1 -1 -7.8571 535.9191 159.2641 558.8430 225.3691 1.836192 0.635844 0.861255 -1.570182 1.219037 20.407738 -7.933861 0.19831388
Pedestrian -1 -1 -4.2539 586.1895 160.5386 611.6530 211.5933 1.896141 0.656647 0.850781 -0.113323 1.118021 27.204868 -4.258110 0.14349340
Pedestrian -1 -1 -6.3900 599.3650 153.8427 631.3975 208.4279 1.912104 0.588317 1.079229 0.464861 0.943677 25.503841 -6.371778 0.13857923
Cyclist -1 -1 -4.7116 533.5001 160.4436 559.5081 225.8252 1.769167 0.702761 1.765216 -1.589622 1.199899 20.344563 -4.789562 0.50644207
Cyclist -1 -1 -8.3980 719.9930 161.3170 807.7736 274.8951 1.557287 0.532592 1.558111 2.327344 1.281215 10.672510 -8.183252 0.22030106
Cyclist -1 -1 -4.1457 108.9041 153.4670 337.7055 373.0000 1.669776 0.591721 1.638144 -2.522612 1.511180 4.926518 -4.618955 0.19216830
Cyclist -1 -1 -8.0678 724.2846 148.2072 769.4083 237.2898 1.780418 0.563811 1.784696 3.020266 1.115608 15.254134 -7.872365 0.17925134
