Car -1 -1 -7.9951 629.4257 179.8710 685.0519 219.7554 1.419005 1.602640 4.224838 1.749300 1.717984 28.604052 -7.934042 0.99958664
Car -1 -1 -3.7197 842.2469 186.3635 1173.4167 297.7414 1.474213 1.658532 4.117316 5.753414 1.695070 10.803469 -3.230337 0.99479091
Car -1 -1 -6.9484 965.8509 184.1625 1241.0000 333.7729 1.503926 1.589850 3.548227 6.157548 1.645405 8.212658 -6.305067 0.99364638
Car -1 -1 -2.5171 0.0000 169.6475 265.9956 311.4753 1.665295 1.659768 3.789655 -6.786468 1.627345 9.312021 -3.146920 0.98824769
Car -1 -1 -6.7884 774.9490 186.4312 1001.5709 274.2285 1.487784 1.608455 3.674204 5.115122 1.763745 13.618539 -6.429142 0.97071975
Car -1 -1 -7.0760 1063.4846 192.3506 1241.0000 374.0000 1.506737 1.616351 3.824504 6.011852 1.685555 5.800853 -6.272785 0.96417212
Car -1 -1 -5.7299 29.4567 159.9929 334.1068 283.6303 1.893984 1.712738 4.052838 -6.982481 1.696667 11.959518 -6.258372 0.92177570
Car -1 -1 -2.9099 312.2226 180.0224 470.2891 227.4426 1.449337 1.624498 4.633712 -7.004841 1.689878 23.291191 -3.202091 0.86962354
Car -1 -1 -4.9177 773.8143 169.3000 912.0991 273.5439 1.834343 1.779211 4.572011 4.581363 1.771504 15.053470 -4.622224 0.50399417
Car -1 -1 -7.9448 615.3817 174.6446 646.2826 201.2356 1.574741 1.585831 3.676234 1.222479 1.690464 44.868690 -7.917609 0.37396446
Cyclist -1 -1 -7.6801 475.2250 169.4272 506.9820 238.2485 1.810316 0.556440 1.849896 -3.310061 1.719875 19.907190 -7.844844 0.97568059
