Car -1 -1 -4.6582 523.0539 175.7003 548.9780 195.9847 1.373801 1.617507 3.773772 -4.558778 0.981005 50.565220 -4.748108 0.86089694
Car -1 -1 -6.9175 0.0000 107.3107 107.3600 373.0000 1.668147 1.775112 4.505441 -5.497005 1.459818 4.303026 -7.824136 0.11723895
Pedestrian -1 -1 -8.1464 552.6950 164.1443 585.2798 233.6543 1.847802 0.631656 0.983830 -0.929721 1.386935 19.664700 -8.193675 0.83317792
Pedestrian -1 -1 -7.7866 463.7994 170.5712 492.1765 240.3598 1.783602 0.675970 0.922457 -3.264583 1.504809 18.852501 -7.958093 0.75465232
Pedestrian -1 -1 -7.9317 491.4767 168.7663 519.9247 239.2261 1.796944 0.663051 0.985692 -2.557675 1.472711 18.871416 -8.066386 0.73867029
Pedestrian -1 -1 -3.9621 700.6113 161.8008 799.0590 344.4070 1.735794 0.615156 0.779564 1.456425 1.549253 7.305573 -3.765300 0.71223062
Pedestrian -1 -1 -2.9648 606.4715 164.0069 640.1747 225.9346 1.801482 0.596660 0.908340 0.622160 1.293080 21.281395 -2.935526 0.54007262
Pedestrian -1 -1 -2.6953 581.4559 163.1385 620.6559 229.4765 1.847883 0.550598 0.975014 -0.041889 1.336902 20.467714 -2.697373 0.39804578
Pedestrian -1 -1 -4.5501 591.7288 163.0387 618.8489 230.5701 1.841124 0.633589 0.825580 0.081458 1.338306 20.043705 -4.546003 0.34739682
Pedestrian -1 -1 -3.9810 0.0000 96.7436 215.1662 373.0000 1.822061 0.697768 0.824025 -2.126035 1.548981 2.758022 -4.637687 0.29291883
Pedestrian -1 -1 -3.8820 0.0000 94.0435 184.1337 373.0000 1.842267 0.690054 0.849109 -2.433202 1.532251 3.024961 -4.559444 0.24639204
Pedestrian -1 -1 -2.7194 602.3365 161.5508 640.1857 225.2068 1.812945 0.576081 0.949746 0.547424 1.245266 20.923843 -2.693207 0.23948868
Pedestrian -1 -1 -3.7859 0.0000 121.0144 172.9327 373.0000 1.773380 0.698921 0.823645 -2.695509 1.531095 3.372678 -4.460132 0.20750979
Pedestrian -1 -1 -5.9125 131.0851 212.7338 281.4047 350.6264 1.245565 0.585863 1.154834 -3.876572 1.567572 7.022250 -6.416903 0.18931580
Pedestrian -1 -1 -4.1366 590.2238 162.8329 626.2051 231.5252 1.811506 0.648154 0.792714 0.153769 1.319736 19.452770 -4.128735 0.18919061
Pedestrian -1 -1 -2.6337 592.4855 161.6630 632.9777 226.9354 1.830835 0.534905 1.033386 0.291925 1.274910 20.638163 -2.619596 0.16383776
Pedestrian -1 -1 -5.7794 260.3020 193.0387 373.1628 372.4969 1.508980 0.661356 0.714783 -2.590427 1.619430 6.459743 -6.160810 0.13696440
Pedestrian -1 -1 -5.9336 147.1053 211.9049 300.4372 342.6683 1.251575 0.556325 1.287783 -3.906560 1.581132 7.406781 -6.418955 0.12799001
Pedestrian -1 -1 -3.7112 0.0000 140.0275 148.2678 373.0000 1.734651 0.737067 0.767584 -3.083116 1.543526 3.804060 -4.392316 0.12545323
Pedestrian -1 -1 -4.3416 596.2077 165.3796 627.2242 232.7245 1.748089 0.607677 0.715279 0.243788 1.330158 19.091368 -4.328806 0.12247364
Pedestrian -1 -1 -3.6104 595.4308 164.0871 634.7549 226.4573 1.854581 0.605574 1.034057 0.384168 1.337272 21.857656 -3.592874 0.11561283
Pedestrian -1 -1 -5.7211 121.9484 213.6065 290.5989 359.8755 1.259707 0.605284 1.241149 -3.691142 1.573698 6.671866 -6.226461 0.10195097
Pedestrian -1 -1 -4.6364 496.7679 170.2038 519.8713 230.8039 1.739445 0.616190 0.763199 -2.749264 1.415679 21.016552 -4.766525 0.10180762
Cyclist -1 -1 -3.9898 243.8063 201.3662 403.6432 373.0000 1.446262 0.600181 1.407907 -2.562242 1.652079 6.652319 -4.357409 0.54064429
Cyclist -1 -1 -4.5226 483.8806 170.4916 523.6948 239.3004 1.723507 0.705930 1.856922 -2.583687 1.448293 18.938904 -4.658188 0.23014332
Cyclist -1 -1 -4.3162 481.2433 166.7551 530.0035 235.1829 1.879528 0.741859 1.845442 -2.768224 1.475018 20.718203 -4.448988 0.21500677
Cyclist -1 -1 -4.1613 263.9268 197.6318 358.5700 308.5053 1.417791 0.603507 1.386079 -4.098700 1.662454 10.132466 -4.545708 0.19155081
Cyclist -1 -1 -4.1249 0.0000 19.2182 224.9754 373.0000 1.882958 0.726953 1.826254 -2.097574 1.542323 2.461011 -4.830700 0.11902184
Cyclist -1 -1 -5.6158 0.0000 151.3062 185.4857 373.0000 1.749111 0.638216 1.702689 -3.918160 1.558448 4.880680 -6.292204 0.10854739
