Car -1 -1 -8.2929 836.0851 194.4543 1173.4630 374.0000 1.421953 1.620760 3.860874 3.822656 1.716801 7.920108 -7.843218 0.99940586
Car -1 -1 -4.5046 441.1315 185.5347 520.1165 236.2919 1.451814 1.707670 4.371221 -4.225098 1.911429 23.956631 -4.679166 0.99933147
Car -1 -1 -8.1499 760.0896 179.0320 920.7465 280.6712 1.590239 1.679519 4.170953 4.068374 1.724574 13.633706 -7.859951 0.99928063
Car -1 -1 -8.0201 729.4896 179.3301 816.6808 247.9468 1.595913 1.614795 3.773600 4.143124 1.784018 19.068077 -7.806131 0.99890494
Car -1 -1 -8.0177 707.0735 178.9014 774.1919 228.1517 1.510683 1.615453 3.880776 4.308551 1.732547 24.558947 -7.843999 0.99792320
Car -1 -1 -7.9995 691.2933 179.9295 745.9048 218.7825 1.444496 1.622465 4.093461 4.336305 1.754708 29.618080 -7.854150 0.98827153
Car -1 -1 -4.5203 484.8041 183.8505 543.6051 224.2213 1.471436 1.633038 4.085155 -3.883066 1.952949 29.525415 -4.651016 0.98780757
Car -1 -1 -4.6375 558.6613 180.7305 585.3157 202.1295 1.398056 1.588108 3.704747 -2.651916 1.968194 50.386086 -4.690094 0.87494612
Car -1 -1 -8.2585 939.3369 175.2184 995.5605 207.4595 1.737759 1.611397 3.478893 20.170694 1.877421 40.931107 -7.800667 0.40744358
Car -1 -1 -4.6853 1181.6946 174.1265 1241.0000 374.0000 1.467535 1.615996 3.836182 4.854664 1.478101 4.308474 -3.840364 0.33132204
