Car -1 -1 -3.5536 626.2440 173.5588 697.9009 197.2739 1.526764 1.709529 4.451907 3.434995 1.574958 48.093678 -3.482281 0.98366773
Car -1 -1 -4.6005 434.7796 182.1872 493.5573 225.7684 1.324477 1.584764 3.339538 -4.908698 1.662227 24.402210 -4.799038 0.98151278
Car -1 -1 -4.5049 0.0000 182.4842 90.1600 246.2883 1.479378 1.683406 3.965809 -15.531786 1.768415 19.528595 -5.176830 0.94249254
Car -1 -1 -5.2882 342.6993 181.2483 425.0514 214.2877 1.374928 1.612803 4.089695 -10.399569 1.780055 32.926193 -5.594092 0.94094938
Car -1 -1 -6.1257 444.1434 161.7822 532.3791 198.2720 2.691130 2.511241 6.255195 -9.145166 1.874285 54.496563 -6.291958 0.38146329
Car -1 -1 -3.2218 509.3430 173.2092 579.1912 199.3059 1.575194 1.668326 4.193226 -4.135381 1.597511 44.765285 -3.313890 0.15275241
Pedestrian -1 -1 -8.1902 697.3730 167.8669 720.3372 218.2695 1.710793 0.597060 0.665659 3.357065 1.541219 24.876801 -8.056015 0.56214309
Pedestrian -1 -1 -6.1040 698.8562 167.9901 723.5073 212.7023 1.629871 0.548007 0.819246 3.699139 1.452271 26.689875 -5.966253 0.17296194
Pedestrian -1 -1 -8.1542 696.2113 168.2275 718.9446 216.5215 1.674043 0.627392 0.649356 3.381889 1.513372 25.383558 -8.021740 0.15545942
Pedestrian -1 -1 -8.0762 698.6797 169.0076 719.5364 219.0176 1.666858 0.573429 0.624654 3.298095 1.538354 24.385445 -7.941737 0.13374524
Pedestrian -1 -1 -5.9852 697.8290 167.8719 722.8873 215.2171 1.667251 0.620149 0.740396 3.550678 1.491506 25.845879 -5.848718 0.12952629
Cyclist -1 -1 -4.7520 698.9579 169.3218 717.6082 220.7040 1.695021 0.556861 1.805768 3.309170 1.578198 24.727318 -4.619004 0.12817186
