Pedestrian -1 -1 -5.0689 829.2070 137.8586 904.9157 293.3968 1.814878 0.623433 0.801147 3.132585 1.317734 8.653530 -4.721561 0.87004036
Pedestrian -1 -1 -4.6859 515.9948 141.7647 541.5883 218.0630 1.840235 0.610966 0.738355 -1.915382 0.906310 17.446468 -4.795218 0.78521079
Pedestrian -1 -1 -4.6882 486.5630 137.1142 514.0150 215.2194 1.836701 0.638820 0.810620 -2.561766 0.816785 17.068701 -4.837165 0.70829535
Pedestrian -1 -1 -4.5987 440.6190 138.0999 469.2060 214.7180 1.854387 0.621555 0.666439 -3.744075 0.828507 17.474548 -4.809740 0.57995224
Pedestrian -1 -1 -5.1558 1024.1064 141.3640 1167.0098 369.0000 1.734319 0.579807 0.567885 3.132112 1.495533 4.646136 -4.562617 0.57502842
Pedestrian -1 -1 -5.5631 1058.9690 147.5179 1165.3910 327.5958 1.735048 0.581609 0.660756 5.091320 1.417691 7.201478 -4.947656 0.43908912
Pedestrian -1 -1 -7.5352 407.8696 136.6811 443.7541 212.4926 1.875921 0.665021 0.803880 -4.573199 0.791968 17.919502 -7.785059 0.36445376
Pedestrian -1 -1 -7.4960 271.4552 133.0835 322.7437 244.2952 1.783260 0.598889 0.617884 -5.116464 1.023327 11.662477 -7.909459 0.34771985
Pedestrian -1 -1 -3.1652 1058.6178 155.3353 1155.6136 323.5654 1.703798 0.524359 0.826429 5.322169 1.449357 7.607962 -2.554761 0.26492071
Pedestrian -1 -1 -7.4103 405.1908 137.0373 447.9831 212.5292 1.904052 0.750546 0.935534 -4.663239 0.808160 18.364769 -7.659003 0.25817576
Pedestrian -1 -1 -6.6616 233.4301 127.2206 289.2540 242.5978 1.831417 0.548922 0.671732 -5.712556 0.986081 11.656372 -7.117329 0.22700140
Pedestrian -1 -1 -5.5283 1063.4822 139.4349 1181.8116 334.5501 1.776953 0.596610 0.706027 4.929546 1.403394 6.842596 -4.903962 0.20211549
Pedestrian -1 -1 -6.2703 427.9430 139.7435 465.1512 211.2463 1.887957 0.645557 0.964122 -4.310967 0.812138 19.084780 -6.492417 0.19625217
Pedestrian -1 -1 -4.2531 439.9955 134.7915 474.3234 212.3471 1.838666 0.605377 0.615504 -3.620062 0.755355 17.135830 -4.461285 0.14658910
Pedestrian -1 -1 -7.5045 382.6390 138.6320 417.4595 204.6281 1.866089 0.732123 0.817252 -5.949067 0.682542 20.424244 -7.787929 0.14657296
Pedestrian -1 -1 -6.3320 423.9991 138.7664 462.9638 208.7866 1.880629 0.688437 1.011171 -4.489990 0.760044 19.458988 -6.558756 0.14071979
Pedestrian -1 -1 -7.7539 439.9500 136.0493 470.0010 211.1007 1.884770 0.687101 0.735697 -3.885751 0.768799 18.159723 -7.964686 0.12727906
Pedestrian -1 -1 -4.5033 489.5310 139.9341 519.1879 214.2874 1.808342 0.601862 0.685212 -2.534300 0.822069 17.557741 -4.646612 0.12673859
Pedestrian -1 -1 -4.5010 433.2559 140.0290 463.2101 206.9002 1.859706 0.674609 0.823721 -4.481511 0.734502 20.077841 -4.720600 0.12424178
Pedestrian -1 -1 -5.3396 1041.2748 138.0197 1179.8518 369.0000 1.723761 0.529932 0.580101 3.375809 1.451011 4.841987 -4.730742 0.11736382
Pedestrian -1 -1 -7.3378 428.4189 135.6335 466.7690 211.5727 1.926979 0.652479 0.830525 -4.136387 0.788800 18.433851 -7.558516 0.10446817
Cyclist -1 -1 -4.5035 543.3029 145.5054 564.3954 187.4720 1.697572 0.598693 1.396004 -2.138943 0.282243 29.332636 -4.576299 0.27214140
Cyclist -1 -1 -2.5462 240.3949 132.5176 352.1630 245.6142 1.804319 0.537692 1.680849 -5.147297 1.039201 11.695709 -2.960794 0.18349515
Cyclist -1 -1 -4.6069 534.5087 143.8155 553.7833 188.2881 1.773730 0.644648 1.390847 -2.505230 0.310844 28.901152 -4.693338 0.11437432
