Car -1 -1 -8.1814 759.2293 183.2379 965.5513 307.6357 1.462588 1.642682 3.949890 3.444110 1.646437 10.805699 -7.872848 0.99957424
Car -1 -1 -4.2804 141.4055 192.2956 386.8892 327.1016 1.479717 1.644821 3.968983 -4.744577 1.815538 10.484299 -4.705397 0.99933654
Car -1 -1 -4.4264 316.5879 188.6878 454.9811 269.1332 1.414696 1.671659 4.458910 -4.748898 1.810213 15.802777 -4.718340 0.99887568
Car -1 -1 -8.0907 723.4344 182.4249 839.1047 258.7924 1.434787 1.598150 3.802676 3.582118 1.671435 15.949599 -7.869791 0.99871647
Car -1 -1 -8.0143 706.1499 178.9869 781.6783 235.7571 1.520447 1.610423 3.857854 3.874266 1.720978 21.686020 -7.837556 0.99661666
Car -1 -1 -4.5451 484.1588 180.3335 533.1822 216.2867 1.433628 1.527369 3.635669 -4.388168 1.777623 31.374947 -4.684100 0.99588376
Car -1 -1 -8.4205 893.2573 191.5835 1241.0000 374.0000 1.410033 1.538929 3.527836 3.573125 1.599609 5.546458 -7.848180 0.99337572
Car -1 -1 -4.5593 506.8559 179.1043 550.7079 211.0235 1.478272 1.591789 4.055110 -4.063424 1.810098 36.281784 -4.670834 0.98171943
Car -1 -1 -3.8870 0.0000 196.5287 194.3368 374.0000 1.455377 1.594432 3.948482 -4.902594 1.683015 4.939670 -4.668613 0.94998288
Car -1 -1 -8.0085 691.4250 179.6225 747.8054 221.5220 1.445210 1.564244 3.524958 4.022201 1.716913 27.227419 -7.861798 0.92367738
Car -1 -1 -7.0869 1209.5247 154.6815 1241.0000 271.6556 1.754029 1.829756 4.695197 12.878702 1.481232 11.794204 -6.257561 0.11082459
