Car -1 -1 -7.6980 482.6746 175.2284 537.6891 216.7603 1.499117 1.588031 3.434611 -3.618553 1.309086 27.257185 -7.830012 0.99401373
Car -1 -1 -8.2335 870.8446 153.9005 921.5491 182.2416 1.645301 1.590791 3.664501 17.587761 0.101209 42.886536 -7.844303 0.22627246
Car -1 -1 -6.7049 882.3513 157.3906 969.4089 184.8044 1.581926 1.659825 4.370284 18.834028 0.248497 41.637085 -6.280149 0.18309760
Car -1 -1 -8.2987 914.6561 152.0918 972.5594 182.3873 1.747146 1.694488 3.746661 20.338783 0.108951 42.649197 -7.853670 0.12376691
Pedestrian -1 -1 -4.7586 1122.8827 138.5651 1162.8402 225.9667 1.769207 0.636473 0.508340 11.127334 0.920705 14.701947 -4.110765 0.17794611
Pedestrian -1 -1 -4.0332 348.8355 181.9322 372.8576 220.5776 1.542583 0.676487 0.628238 -9.922230 1.601692 28.663326 -4.366454 0.15890405
Pedestrian -1 -1 -5.4158 1138.7025 136.2880 1175.1736 198.7352 1.943034 0.704916 0.569811 17.364471 0.567668 22.299120 -4.754215 0.10504607
Cyclist -1 -1 -4.7687 340.6015 177.3807 360.4263 224.5673 1.762123 0.617813 1.788407 -9.882142 1.645877 27.347551 -5.115493 0.49157712
Cyclist -1 -1 -6.4054 733.5706 160.2255 775.4061 201.9135 1.835484 0.654387 1.757157 6.630923 0.943015 31.531313 -6.198161 0.31737334
Cyclist -1 -1 -4.5593 345.5067 177.6878 368.3224 223.8758 1.775357 0.586296 1.837876 -9.884377 1.667498 28.134445 -4.897152 0.18528615
Cyclist -1 -1 -6.1977 674.8068 162.9881 712.5089 201.8559 1.891799 0.621274 1.800845 4.360547 1.039615 34.905231 -6.073429 0.17593645
