Car -1 -1 -7.9065 639.6276 176.2599 670.7624 203.6466 1.397405 1.497735 3.210764 2.358884 1.587995 38.828571 -7.845870 0.94765723
Car -1 -1 -4.4685 486.3879 181.7862 535.7388 209.9659 1.375351 1.650644 4.257442 -5.292019 1.882912 38.819340 -4.603943 0.87149453
Car -1 -1 -7.8189 637.8798 176.9110 667.1533 202.6138 1.506305 1.688761 3.656106 2.639402 1.768494 44.784237 -7.760054 0.43788826
Car -1 -1 -3.8786 0.0000 208.2899 129.8827 374.0000 1.474736 1.578643 3.751756 -4.901942 1.776640 4.261073 -4.733789 0.21466833
Pedestrian -1 -1 -4.9193 707.3350 160.1099 729.4582 211.4664 1.910355 0.654246 0.904662 4.050778 1.436002 27.310738 -4.772084 0.35393846
Pedestrian -1 -1 -3.5515 0.0000 188.8046 43.9355 374.0000 1.648355 0.665064 0.708758 -5.244196 1.787630 5.852996 -4.282061 0.10756122
Cyclist -1 -1 -4.0678 377.5622 171.3492 475.1422 290.3376 1.786139 0.630826 1.726072 -2.999706 1.763251 11.748993 -4.317797 0.87500149
Cyclist -1 -1 -4.2958 326.9703 173.6492 414.1832 297.4499 1.756540 0.581283 1.866372 -3.719478 1.769646 11.206572 -4.616274 0.82323611
Cyclist -1 -1 -4.6214 499.0668 175.4099 518.2582 227.4716 1.766562 0.522890 1.670928 -3.604681 1.859290 25.413973 -4.762258 0.19910663
Cyclist -1 -1 -4.9218 703.9490 162.7444 732.9005 211.7473 1.791187 0.703103 1.885176 4.043979 1.421356 27.336880 -4.774979 0.14094777
