Car -1 -1 -8.0458 638.1660 180.5258 758.6570 272.5114 1.606127 1.657491 3.890257 1.627182 1.524396 14.557141 -7.934454 0.99994791
Car -1 -1 -7.5725 240.1501 193.3097 385.4935 277.0672 1.363612 1.601886 3.847585 -5.628175 1.544770 14.081989 -7.952770 0.99956781
Car -1 -1 -7.8175 519.2110 181.1253 564.6932 223.8884 1.566981 1.644368 3.845479 -2.569901 1.417253 28.305611 -7.907998 0.99847323
Car -1 -1 -7.7204 393.0331 184.6188 451.9258 227.0654 1.541617 1.680530 4.369976 -7.261615 1.520096 28.376198 -7.970934 0.99822241
Car -1 -1 -7.6876 351.8098 188.5335 435.7557 244.0092 1.392128 1.620111 4.096112 -6.002130 1.496380 20.424002 -7.973450 0.99782181
Car -1 -1 -7.3508 115.7453 167.3050 289.0503 253.5715 1.907219 1.845066 4.495877 -10.007752 1.511397 18.141558 -7.854876 0.99644417
Car -1 -1 -4.0515 0.0000 199.9466 214.4366 375.0000 1.432265 1.621646 3.937229 -4.941330 1.589320 5.644053 -4.770569 0.95850199
Car -1 -1 -4.4324 333.3710 176.0558 397.3937 219.4572 2.060588 1.856288 4.681176 -12.237887 1.625857 36.508118 -4.755844 0.76854098
Car -1 -1 -4.5549 439.2902 185.3206 477.9134 212.0447 1.439124 1.582275 3.660306 -8.403362 1.445477 40.590889 -4.759037 0.39987218
Car -1 -1 -2.3269 0.0000 196.6156 203.9447 375.0000 1.627843 1.687629 4.433205 -6.322130 1.743924 6.389933 -3.106994 0.19538319
Car -1 -1 -7.1282 1134.3538 102.8368 1240.0000 295.8683 2.666996 2.135978 6.454514 12.031762 1.528976 11.055770 -6.300523 0.14818777
