Pedestrian -1 -1 -4.8511 668.5773 144.8607 717.4939 282.9114 1.732879 0.539404 0.678550 1.083760 1.285923 9.220282 -4.734123 0.91649169
Pedestrian -1 -1 -5.1974 603.4054 146.0530 671.9904 295.4716 1.765049 0.566746 0.748778 0.343804 1.358544 8.812220 -5.158404 0.90626305
Pedestrian -1 -1 -4.7149 548.4816 135.4103 579.8056 229.9553 1.847315 0.611942 0.719160 -0.868598 0.966667 14.193338 -4.776029 0.74028504
Pedestrian -1 -1 -4.6265 484.0463 134.3773 518.3662 230.2032 1.825244 0.608910 0.707257 -2.069326 0.947085 13.839493 -4.774919 0.67867261
Pedestrian -1 -1 -4.4862 411.5846 137.2946 439.0630 201.6035 1.921422 0.690865 0.604223 -5.478068 0.630822 21.435560 -4.736429 0.52221644
Pedestrian -1 -1 -7.5196 371.6619 137.4131 401.3264 201.0866 1.882446 0.673959 0.658823 -6.595589 0.608916 21.243729 -7.820587 0.49940419
Pedestrian -1 -1 -4.6299 502.5409 134.5768 535.1116 230.1634 1.847825 0.588300 0.704223 -1.748328 0.960425 14.032268 -4.753821 0.48973361
Pedestrian -1 -1 -4.5393 447.9689 138.8189 471.1410 201.2117 1.889179 0.607328 0.580707 -4.497148 0.627414 21.708261 -4.743562 0.47069091
Pedestrian -1 -1 -4.9271 657.1424 142.3033 691.2633 229.1419 1.779691 0.600052 0.577500 1.398328 0.997232 14.813169 -4.832961 0.41865072
Pedestrian -1 -1 -6.5366 274.7941 128.8525 325.2833 243.6183 1.822034 0.594493 0.633762 -5.077759 1.002457 11.654584 -6.947476 0.35133645
Pedestrian -1 -1 -3.2790 639.6052 144.4117 672.6568 209.6911 1.893069 0.662374 0.888513 1.464196 0.846823 20.864422 -3.208949 0.26400849
Pedestrian -1 -1 -4.6547 455.3752 138.2553 477.6414 200.0772 1.893575 0.648203 0.594191 -4.339069 0.599926 21.995188 -4.849508 0.19437121
Pedestrian -1 -1 -3.4774 638.7157 142.6032 671.2742 207.0609 1.899830 0.631457 0.812275 1.461018 0.783151 21.251362 -3.408804 0.18556231
Pedestrian -1 -1 -4.6215 480.7878 142.5599 501.2248 196.4028 1.896950 0.659005 0.743878 -4.105821 0.560529 25.304285 -4.782385 0.15086743
Pedestrian -1 -1 -4.8391 483.1714 140.0785 504.8995 201.4929 1.881979 0.593375 0.627656 -3.500139 0.643591 22.051176 -4.996516 0.14102466
Pedestrian -1 -1 -3.8215 501.8509 130.0073 555.1815 230.3630 1.869644 0.592000 0.841121 -1.523287 0.929322 13.679603 -3.932412 0.12674585
Pedestrian -1 -1 -4.7750 469.8195 138.4808 491.8420 199.4700 1.856529 0.630998 0.651662 -3.888449 0.577739 21.913874 -4.950663 0.12082915
Pedestrian -1 -1 -4.5533 476.2255 142.7261 498.8495 196.6486 1.849163 0.659088 0.816333 -4.122425 0.554046 24.657148 -4.718964 0.11790234
Pedestrian -1 -1 -7.9189 397.7360 140.0355 418.4697 192.9887 1.979508 0.716140 0.663367 -7.513297 0.467098 26.862621 -8.191629 0.11681480
Pedestrian -1 -1 -6.5401 233.4079 122.7423 285.2706 238.6572 1.842560 0.535083 0.652302 -5.746998 0.924839 11.654969 -6.998251 0.10943596
Pedestrian -1 -1 -2.7376 163.5907 133.7499 299.0070 362.8056 1.770966 0.597348 0.814226 -3.090348 1.409950 5.799031 -3.227263 0.10453804
Pedestrian -1 -1 -4.8413 496.3469 144.6733 516.9521 205.4641 1.865791 0.559400 0.629751 -3.110509 0.766484 22.078611 -4.981298 0.10263364
Cyclist -1 -1 -3.7335 387.2627 141.3769 427.2705 189.0509 1.761745 0.534797 1.403976 -7.524619 0.316235 26.836082 -4.006849 0.30575511
Cyclist -1 -1 -4.3568 390.2342 139.9078 415.7876 184.7856 1.683464 0.525232 1.306519 -7.786857 0.161004 27.194426 -4.635669 0.21430390
Cyclist -1 -1 -3.3129 383.4836 138.1024 429.8756 187.8538 1.821268 0.561891 1.600599 -7.455186 0.269449 26.481766 -3.587341 0.18671401
Cyclist -1 -1 -3.4121 383.2715 138.9880 430.8786 188.9383 1.797598 0.588582 1.593886 -7.334259 0.303924 26.109583 -3.685956 0.12152120
Cyclist -1 -1 -3.7508 450.0061 158.3799 472.7273 184.5735 1.719635 0.620382 1.377855 -9.573331 0.267487 47.131054 -3.951195 0.12063813
Cyclist -1 -1 -4.5857 476.9445 140.6906 501.6757 189.9458 1.692245 0.683830 1.499623 -4.118198 0.324789 25.053545 -4.748636 0.12044280
Cyclist -1 -1 -3.6784 383.5299 140.7125 423.6132 186.3440 1.736391 0.558137 1.420932 -7.886292 0.222614 27.613424 -3.956582 0.10111021
