Pedestrian -1 -1 -7.3565 436.4910 159.6557 479.6521 244.4170 1.745505 0.588290 0.804846 -3.077113 1.296238 15.263948 -7.555405 0.90284324
Pedestrian -1 -1 -4.9637 653.4797 148.7681 691.6250 235.0506 1.839266 0.641358 0.842543 1.513409 1.142094 15.778492 -4.868080 0.53578824
Pedestrian -1 -1 -6.6726 529.5482 163.6758 550.4594 206.5134 1.875619 0.606104 0.750721 -2.744402 1.095490 31.893097 -6.758433 0.21490763
Pedestrian -1 -1 -6.6590 529.8432 162.5982 550.6230 205.8985 1.875724 0.600260 0.740310 -2.705654 1.057217 31.551008 -6.744506 0.20064405
Pedestrian -1 -1 -7.4284 967.9108 145.3664 1219.2555 373.0000 1.710733 0.656838 0.809719 2.128862 1.574999 3.207118 -6.842426 0.20021228
Pedestrian -1 -1 -3.7534 0.0000 206.6835 80.7298 330.5404 1.362082 0.555630 0.638171 -6.689704 1.672191 8.441175 -4.423559 0.16541164
Pedestrian -1 -1 -7.9071 600.4882 156.2604 616.7004 203.9359 1.846507 0.597288 0.720147 0.256185 0.869314 28.194498 -7.898016 0.14978956
Pedestrian -1 -1 -3.6109 0.0000 205.9713 77.9610 344.9936 1.440962 0.653847 0.688226 -6.487332 1.731185 8.051185 -4.289164 0.10279312
Pedestrian -1 -1 -3.5344 0.0000 197.7902 64.8785 330.8912 1.499737 0.643076 0.670119 -7.059327 1.706737 8.650791 -4.218799 0.10123900
Cyclist -1 -1 -7.8425 601.1541 157.7173 615.4506 204.8279 1.800154 0.546389 1.775712 0.258771 0.891749 28.341751 -7.833320 0.79720759
Cyclist -1 -1 -3.4783 885.8153 161.0158 1237.0000 373.0000 1.746008 0.719890 1.791792 2.213890 1.671946 3.208433 -2.874349 0.13672687
