Car -1 -1 -7.9758 682.8668 180.9884 758.2121 240.6296 1.425068 1.570362 3.534100 2.845790 1.664858 19.511921 -7.830932 0.99927241
Car -1 -1 -8.3294 806.3093 174.6632 1241.0000 374.0000 1.580227 1.584414 3.473676 2.780476 1.598547 5.673549 -7.873715 0.99674678
Car -1 -1 -6.4624 739.8704 174.4525 865.2377 223.0070 1.548407 1.647329 3.796959 6.283988 1.603506 24.039843 -6.206708 0.98895723
Car -1 -1 -5.7060 277.9834 177.6897 464.0923 252.7478 1.611884 1.651022 3.878035 -5.626652 1.733848 16.952232 -6.026474 0.95508522
Car -1 -1 -5.5198 0.0000 189.1147 226.3904 374.0000 1.548301 1.668931 4.309258 -6.350761 1.724948 6.965583 -6.259099 0.95068234
Car -1 -1 -7.9099 634.3593 177.4771 660.1768 198.3629 1.441608 1.649910 4.144705 2.660215 1.792917 52.799305 -7.859584 0.94269699
Car -1 -1 -2.5259 0.0000 153.6907 269.3688 306.8650 1.815897 1.680294 3.811522 -6.802669 1.588414 9.413242 -3.151686 0.93171680
Car -1 -1 -3.1660 363.6256 177.9155 490.9766 225.4648 1.491769 1.637047 4.016229 -6.161589 1.670909 24.249996 -3.414793 0.91180569
Car -1 -1 -2.5502 211.0360 183.9941 409.2058 264.9729 1.454600 1.558511 3.339318 -5.959128 1.692779 14.353706 -2.943662 0.72259212
Car -1 -1 -5.8010 343.5446 179.8963 485.9412 231.5706 1.460125 1.587304 3.879667 -5.941768 1.685281 21.906513 -6.065849 0.67086130
Car -1 -1 -3.0767 418.4872 169.9800 512.5426 210.6702 1.792895 1.741388 4.104105 -6.561386 1.665960 32.925289 -3.273400 0.44721922
Car -1 -1 -2.5480 63.4571 184.6781 331.7195 276.9661 1.424617 1.528068 3.754820 -6.958561 1.640417 12.278884 -3.063553 0.24470663
Car -1 -1 -8.0333 684.0721 172.7665 725.9030 208.4719 1.929859 1.664569 3.981467 5.307798 1.924832 41.029129 -7.904599 0.19224250
Car -1 -1 -5.4828 328.0460 179.0851 465.3885 241.4252 1.514137 1.594200 3.426354 -5.787348 1.694285 19.363102 -5.773266 0.17278008
