Pedestrian -1 -1 -4.5914 472.1828 134.8337 504.7776 220.0153 1.862118 0.640285 0.719029 -2.644273 0.864171 15.829922 -4.756903 0.87356794
Pedestrian -1 -1 -4.5347 433.5916 135.1948 473.0405 221.7092 1.853789 0.702002 0.929275 -3.383617 0.883358 15.627131 -4.747913 0.82228887
Pedestrian -1 -1 -4.6739 529.1395 134.7698 557.7410 217.1241 1.843794 0.628359 0.716641 -1.446881 0.820301 16.203547 -4.762928 0.79622281
Pedestrian -1 -1 -4.6881 731.1331 142.5795 768.6653 250.1573 1.810284 0.622265 0.821036 2.492270 1.172547 12.367187 -4.489256 0.73292255
Pedestrian -1 -1 -3.6195 552.9621 142.8574 605.3309 252.8091 1.741030 0.496480 0.708008 -0.474825 1.145362 11.586876 -3.660453 0.70778894
Pedestrian -1 -1 -4.5173 593.6422 142.4597 633.3843 251.9108 1.752417 0.539406 0.678579 0.099262 1.143738 11.707351 -4.508805 0.68550986
Pedestrian -1 -1 -7.4139 270.8560 133.6712 323.9995 244.9520 1.783193 0.595326 0.624257 -5.106002 1.033178 11.649996 -7.826970 0.35709602
Pedestrian -1 -1 -3.3367 554.8568 146.7905 584.6837 202.7301 1.920690 0.655354 0.930375 -1.268034 0.763534 24.707874 -3.388006 0.33575344
Pedestrian -1 -1 -6.9092 358.3428 136.3090 392.4425 199.7859 1.921482 0.687961 0.742602 -7.147486 0.584083 21.905455 -7.224645 0.32392710
Pedestrian -1 -1 -3.4845 555.6464 149.1438 583.7285 204.2902 1.934818 0.662847 0.826896 -1.296972 0.834939 25.271740 -3.535770 0.28334722
Pedestrian -1 -1 -3.1981 400.0380 140.9249 424.9664 201.6393 1.879379 0.630479 0.722734 -6.110322 0.654639 22.300167 -3.465568 0.22783461
Pedestrian -1 -1 -4.6133 516.6803 132.3528 543.7265 212.3611 1.867731 0.579836 0.664646 -1.817916 0.744107 16.840254 -4.720805 0.18461913
Pedestrian -1 -1 -3.9623 524.3130 141.0205 560.5037 213.5473 1.827336 0.584116 0.741648 -1.656844 0.832960 18.286346 -4.052632 0.17209551
Pedestrian -1 -1 -4.4706 452.1407 140.9447 476.4393 196.2891 1.895705 0.654066 0.823983 -4.930398 0.541083 24.644575 -4.668082 0.14791110
Pedestrian -1 -1 -6.4823 241.3621 128.5361 291.0979 240.3140 1.811148 0.512154 0.662934 -5.732309 0.969553 11.860773 -6.932534 0.13876502
Pedestrian -1 -1 -3.7713 528.9346 139.0624 566.9891 213.5104 1.834832 0.564834 0.776288 -1.483856 0.813893 17.893257 -3.854067 0.13442473
Pedestrian -1 -1 -3.1076 394.9560 141.0606 421.0740 202.4160 1.869508 0.631887 0.761422 -6.141659 0.668071 21.940941 -3.380490 0.12426784
Pedestrian -1 -1 -3.4363 556.3581 151.5200 583.3673 205.5138 1.925210 0.654185 0.823470 -1.309684 0.892147 25.657911 -3.487255 0.12223378
Pedestrian -1 -1 -3.1185 558.0601 147.3067 586.8508 204.8694 1.952775 0.624160 0.976173 -1.145493 0.826980 24.309835 -3.165571 0.12085192
Pedestrian -1 -1 -4.3445 317.4384 149.8836 342.2191 197.9270 1.910466 0.719610 0.722495 -11.104797 0.693219 28.478752 -4.716274 0.10841114
Cyclist -1 -1 -2.5695 243.7555 132.6490 354.6895 246.3549 1.816744 0.519548 1.665980 -5.094151 1.052585 11.686946 -2.980515 0.12031476
