Car -1 -1 -8.0606 709.4804 185.9886 834.3658 275.5628 1.407239 1.583541 3.347304 2.830845 1.683156 13.500106 -7.853936 0.99927872
Car -1 -1 -5.6649 0.0000 188.1496 307.4778 321.6406 1.438196 1.620887 3.983286 -6.078436 1.642295 8.803911 -6.269217 0.99532616
Car -1 -1 -6.5846 760.2198 175.5158 947.6994 241.4569 1.610353 1.700843 4.256039 6.115514 1.681856 18.577953 -6.266550 0.99229747
Car -1 -1 -5.6404 93.4858 183.6516 392.2757 292.0826 1.487527 1.631823 3.982350 -5.698656 1.673200 11.277482 -6.108293 0.97773999
Car -1 -1 -5.5586 258.6145 178.1297 447.2323 254.0635 1.550663 1.642507 3.946713 -5.904197 1.681467 16.436508 -5.903475 0.97397542
Car -1 -1 -2.8481 317.1103 183.5113 467.8878 236.6761 1.426224 1.584970 3.800272 -6.138462 1.740071 20.472237 -3.139440 0.83783352
Car -1 -1 -5.6631 177.5192 182.8310 400.2390 270.7879 1.468367 1.562515 3.535498 -5.962900 1.669109 13.419450 -6.081258 0.76897907
Car -1 -1 -7.9069 637.1210 181.3123 666.2312 204.5114 1.373997 1.645248 3.875311 2.588960 1.936730 46.089264 -7.850810 0.63406330
Car -1 -1 -6.5775 692.5836 174.4846 789.7785 212.2465 1.670977 1.684465 4.070795 5.934607 1.747893 33.094936 -6.400114 0.27606767
Car -1 -1 -1.9835 0.0000 193.7034 88.7237 374.0000 1.467454 1.614480 4.043284 -6.903444 1.692028 6.360571 -2.809838 0.19673228
Car -1 -1 -2.8753 391.6386 171.2518 501.3813 214.9190 1.767932 1.706469 4.171905 -6.818954 1.702764 30.156618 -3.097630 0.18313387
Car -1 -1 -7.1906 1192.1332 136.7192 1241.0000 343.2344 1.947886 1.928805 5.343874 9.676741 1.606757 7.812160 -6.298983 0.13031062
Car -1 -1 -7.1345 1170.0685 124.1188 1241.0000 292.8000 2.287453 2.039830 5.879113 12.074942 1.626265 10.840026 -6.295280 0.12222701
Car -1 -1 -2.3644 0.0000 187.0042 114.2593 374.0000 1.620713 1.757363 4.790342 -6.817451 1.748697 5.367102 -3.268277 0.12183844
Pedestrian -1 -1 -6.7879 0.0000 162.8669 74.8791 374.0000 1.639604 0.688353 0.736206 -3.950333 1.584635 4.410628 -7.518324 0.14127456
Pedestrian -1 -1 -6.9372 0.0000 176.0435 80.0449 374.0000 1.613143 0.641767 0.653252 -4.141675 1.635698 4.785685 -7.650628 0.11205969
Cyclist -1 -1 -1.7938 0.0000 170.7663 95.4890 374.0000 1.703473 0.660610 1.692988 -3.949784 1.692515 4.444795 -2.520279 0.12483653
