Car -1 -1 -7.8636 596.8180 177.9762 675.7661 252.6827 1.586016 1.677221 4.185864 0.607443 1.432480 17.374838 -7.828606 0.99976581
Car -1 -1 -7.5140 242.0422 185.7928 435.2522 291.5712 1.480141 1.686248 4.300007 -4.344122 1.491846 12.233375 -7.855235 0.99975568
Car -1 -1 -7.2907 116.6764 184.2225 254.6331 238.0329 1.410687 1.613824 3.878051 -12.084933 1.384806 20.813145 -7.816776 0.99808133
Car -1 -1 -7.1672 0.0000 190.9411 164.8894 329.3513 1.414953 1.656613 4.280898 -8.142033 1.509319 9.677513 -7.866663 0.97600323
Car -1 -1 -4.0517 1.9269 178.7410 89.7677 207.4047 1.385939 1.554304 3.746673 -28.554432 1.073035 36.632465 -4.713855 0.42964190
Car -1 -1 -6.9772 0.0000 204.6153 184.8671 375.0000 1.455496 1.656288 4.116945 -4.632413 1.625426 4.199262 -7.811622 0.38279703
Car -1 -1 -7.7707 641.8324 184.5513 676.4551 212.1088 1.451928 1.616542 3.640161 2.853302 1.417082 39.797588 -7.699111 0.23170242
Car -1 -1 -7.8799 701.9552 180.4529 724.7660 202.6338 1.816982 1.796918 4.659177 8.952742 1.426988 61.305912 -7.734882 0.22147593
Car -1 -1 -2.3109 0.0000 192.7142 196.9353 375.0000 1.714268 1.737555 4.730196 -5.677778 1.774465 4.796289 -3.180231 0.22007330
Car -1 -1 -2.3749 0.0000 159.8252 149.4716 312.4120 1.882514 1.837595 4.983846 -9.375104 1.569421 9.795550 -3.138386 0.11094356
