Car -1 -1 -7.5488 281.2875 181.3728 466.0052 289.6992 1.513080 1.704533 4.330965 -3.753278 1.459561 12.212252 -7.846955 0.99996114
Car -1 -1 -7.6823 442.7713 180.3242 510.3217 229.1551 1.520751 1.622544 3.756764 -4.385761 1.368570 24.271513 -7.861049 0.99936694
Car -1 -1 -8.0251 685.2892 181.8757 780.6915 249.0810 1.448161 1.617892 3.769778 2.854005 1.376348 17.381771 -7.862384 0.99932754
Car -1 -1 -7.3634 152.9036 185.5609 315.6433 258.8975 1.408725 1.608623 3.629153 -7.981023 1.417278 15.655385 -7.834836 0.99388897
Car -1 -1 -7.7602 500.4370 180.5426 537.2742 210.9084 1.464623 1.539101 3.428608 -4.492713 1.239383 36.408245 -7.882970 0.99330491
Car -1 -1 -7.8663 586.0189 177.6658 614.2398 203.5844 1.471096 1.602622 3.873834 -0.510914 1.042734 42.756866 -7.878282 0.95030326
Car -1 -1 -7.2184 0.0000 186.3514 305.3476 375.0000 1.476245 1.665956 3.851161 -3.500022 1.486456 4.410297 -7.889198 0.94227290
Car -1 -1 -7.9678 631.6724 179.7176 664.8536 204.8027 1.423923 1.578057 3.392450 2.329570 1.111989 42.544865 -7.913071 0.76015669
Car -1 -1 -7.5087 1145.0118 76.5735 1240.0000 375.0000 2.185040 2.100145 5.013987 6.332794 1.743360 4.640421 -6.570239 0.19301878
Car -1 -1 -7.2167 1191.0597 103.6203 1240.0000 343.8956 2.495875 2.126258 6.138742 10.833283 1.648455 8.639907 -6.319129 0.16831492
Car -1 -1 -7.1544 1176.2546 122.9385 1240.0000 306.1355 2.509691 2.121774 6.143927 12.505153 1.656687 10.971921 -6.303812 0.11972908
