Car -1 -1 -8.0270 678.3274 172.7346 782.4990 257.8043 1.741547 1.661959 4.177299 2.614822 1.738802 16.875616 -7.873273 0.99992514
Car -1 -1 -2.6929 23.7276 181.8373 329.1077 289.7568 1.514773 1.634313 3.748936 -6.615257 1.666700 11.257860 -3.224149 0.98807573
Car -1 -1 -7.9212 638.2336 179.4150 671.0496 206.6260 1.413123 1.570783 3.719654 2.409664 1.795658 40.236202 -7.861391 0.92907953
Car -1 -1 -7.9958 651.6840 180.0434 705.3235 221.6625 1.467135 1.572723 3.439062 2.531822 1.761342 27.799809 -7.905025 0.92421144
Car -1 -1 -6.0892 323.9060 168.8960 490.2161 229.0988 1.873282 1.792551 4.968973 -6.542633 1.749823 23.536686 -6.360374 0.84629190
Car -1 -1 -2.8305 225.8947 186.1375 420.7480 256.9129 1.447951 1.581004 3.711347 -6.290237 1.759043 16.007936 -3.204860 0.82588595
Car -1 -1 -7.9137 627.4178 176.1324 653.3733 200.3920 1.642700 1.604303 4.010893 2.099744 1.885232 51.424122 -7.872866 0.72679269
Car -1 -1 -2.8312 310.0625 173.8180 456.7049 236.0206 1.732347 1.668896 3.735021 -6.552071 1.761197 20.969772 -3.134010 0.68595338
Car -1 -1 -2.8765 399.1288 174.3014 501.1502 214.6127 1.655021 1.675341 3.925885 -6.774874 1.718010 30.619848 -3.094232 0.68179786
Car -1 -1 -7.9971 664.7105 183.2869 736.0638 233.6749 1.369145 1.616144 4.090031 2.673238 1.724395 22.525194 -7.878993 0.66533411
Car -1 -1 -2.8861 273.9950 177.5724 438.7732 241.9524 1.575367 1.648703 3.748118 -6.537080 1.704155 18.769165 -3.221292 0.54335636
Car -1 -1 -5.4418 214.5690 185.0336 423.5260 267.9666 1.441314 1.618156 4.074565 -5.978805 1.715407 14.635536 -5.829631 0.46980885
Car -1 -1 -2.5186 356.3442 168.7520 494.5828 227.1213 1.867305 1.731159 4.395870 -6.359723 1.735777 24.686192 -2.770724 0.27641860
Car -1 -1 -2.9967 440.6186 178.0152 520.1260 207.3670 1.469225 1.598986 3.853774 -6.689837 1.741773 37.282207 -3.174241 0.17292666
Car -1 -1 -5.7246 1130.8171 136.6310 1241.0000 374.0000 1.768813 1.788989 4.526705 8.047483 1.518181 7.374864 -4.895572 0.11639515
Pedestrian -1 -1 -6.5377 0.0000 200.6367 113.3432 374.0000 1.423639 0.696202 0.692504 -3.910555 1.627507 4.817196 -7.219606 0.10217503
