Car -1 -1 -8.3513 787.9440 184.9491 1204.9175 374.0000 1.412790 1.591507 3.790104 2.970685 1.556522 6.641798 -7.930764 0.99911016
Car -1 -1 -4.3358 161.1490 194.6270 345.0124 300.1392 1.430958 1.578181 3.646642 -5.966276 1.862424 12.433766 -4.783237 0.99804521
Car -1 -1 -8.1154 735.6547 183.1761 883.0839 279.4359 1.364342 1.554653 3.341819 3.164109 1.563493 12.264335 -7.862895 0.99524045
Car -1 -1 -3.9985 0.0000 207.2677 209.7649 374.0000 1.535172 1.667725 3.876518 -6.042116 1.975940 7.291630 -4.690449 0.93473238
Car -1 -1 -2.0790 268.9450 188.0590 323.8357 215.3143 1.614215 1.746199 3.521882 -20.242369 2.630152 46.462173 -2.489872 0.17807145
Car -1 -1 -5.8422 323.9399 180.5594 408.7979 209.2897 1.705213 1.704450 4.684170 -15.040115 2.192480 44.539757 -6.167901 0.10953251
Pedestrian -1 -1 -4.9712 801.7443 148.2569 838.2635 229.2094 1.828848 0.665426 0.636204 4.778689 1.272861 16.625744 -4.691325 0.41967559
Pedestrian -1 -1 -5.0966 829.6590 144.5299 869.3051 231.9850 1.863936 0.655571 0.556507 5.143926 1.259963 15.677804 -4.779557 0.21426439
Pedestrian -1 -1 -7.7907 814.6450 146.6475 846.5912 230.0607 1.841673 0.657640 0.568359 4.938719 1.262763 16.312014 -7.496693 0.17857343
Pedestrian -1 -1 -4.3890 825.8154 144.1403 861.7740 230.0384 1.858315 0.634495 0.496071 5.131437 1.236825 15.997445 -4.078635 0.14038736
Pedestrian -1 -1 -7.1346 1134.8921 217.3440 1241.0000 374.0000 1.408582 0.555438 0.580973 3.361992 1.675864 4.020412 -6.438149 0.10900468
