Car -1 -1 -8.0361 691.2245 174.3900 812.6875 269.1310 1.627567 1.634439 4.009566 2.624432 1.662337 14.467380 -7.856613 0.99997568
Car -1 -1 -8.0197 668.1068 180.9369 747.4474 239.2045 1.455122 1.584143 3.939862 2.631675 1.707677 20.572577 -7.892467 0.99936348
Car -1 -1 -7.9938 648.7988 174.1988 699.8347 217.0692 1.644191 1.589801 3.574984 2.534223 1.702496 29.615681 -7.908480 0.99848890
Car -1 -1 -2.7733 179.8456 186.7421 407.8860 269.0034 1.513952 1.631051 3.861286 -6.252992 1.809348 14.471390 -3.181117 0.97111702
Car -1 -1 -2.6753 104.2626 190.7116 371.5467 285.2968 1.452380 1.563470 3.700218 -6.182747 1.772717 12.166324 -3.145524 0.94389540
Car -1 -1 -8.5740 868.4135 200.6545 1241.0000 374.0000 1.404720 1.707651 4.120845 2.811587 1.616489 3.417683 -7.885591 0.85620427
Car -1 -1 -2.2607 0.0000 148.1182 195.6493 374.0000 1.964828 1.763798 4.357327 -6.596245 1.769390 6.811003 -3.030071 0.69524467
Car -1 -1 -5.3831 0.0000 184.9175 299.5843 312.4577 1.431756 1.589864 4.056258 -6.478340 1.617433 9.742368 -5.969968 0.65213031
Car -1 -1 -4.4630 435.8060 169.5845 498.3492 214.9299 1.885630 1.731941 4.277106 -6.327727 1.749372 32.187386 -4.657113 0.42038536
Car -1 -1 -7.9165 636.5856 178.6095 665.9412 203.6467 1.423728 1.536573 3.799164 2.431506 1.788087 43.810646 -7.861072 0.23847009
Car -1 -1 -5.7861 402.2709 180.3854 511.9278 220.6551 1.516325 1.619115 4.030043 -6.178552 1.833005 29.020430 -5.995825 0.10866328
