Pedestrian -1 -1 -4.8529 770.1179 154.1150 843.8163 337.4807 1.688046 0.583908 0.772987 1.901760 1.445575 6.929467 -4.585022 0.93837363
Pedestrian -1 -1 -5.0962 700.1986 153.4410 788.7532 348.0474 1.722080 0.550468 0.821191 1.246642 1.483064 6.713850 -4.912650 0.92312729
Pedestrian -1 -1 -4.7401 538.1626 132.8836 575.2601 244.5768 1.896285 0.623955 0.841189 -0.909241 1.088249 12.453824 -4.813013 0.69128919
Pedestrian -1 -1 -4.8259 623.2808 139.7749 655.1075 220.2020 1.801985 0.639269 0.822276 0.734703 0.889871 16.273602 -4.780772 0.66867608
Pedestrian -1 -1 -4.6959 593.6050 132.9401 628.0623 235.7435 1.810021 0.607007 0.735521 0.061923 0.973024 12.822899 -4.691037 0.63728940
Pedestrian -1 -1 -4.7099 504.1933 140.4235 526.3533 203.6340 1.830021 0.637800 0.702007 -2.684157 0.670056 20.858105 -4.837925 0.54390442
Pedestrian -1 -1 -4.5991 468.4792 141.6986 491.7883 205.6500 1.856436 0.611240 0.632959 -3.715997 0.730371 20.859926 -4.775351 0.52433723
Pedestrian -1 -1 -4.6302 419.4853 139.6203 444.4940 204.6506 1.883838 0.668561 0.628766 -5.132006 0.699906 20.845659 -4.871602 0.47444612
Pedestrian -1 -1 -3.9469 567.3948 135.8192 615.6768 233.1949 1.838027 0.571753 0.768046 -0.306926 0.995013 13.822192 -3.969079 0.39317393
Pedestrian -1 -1 -7.5451 384.0134 140.4156 420.2431 208.6181 1.906546 0.749011 0.939353 -5.835519 0.786322 20.245062 -7.825775 0.32746983
Pedestrian -1 -1 -3.5228 575.6982 142.6620 630.0916 233.6562 1.896768 0.638104 1.004909 -0.094326 1.108388 15.223624 -3.529014 0.31223515
Pedestrian -1 -1 -6.4834 276.3165 135.2046 324.9054 248.2023 1.795483 0.582952 0.630465 -5.068792 1.076143 11.654234 -6.893677 0.29373759
Pedestrian -1 -1 -4.4157 430.7758 140.9864 458.5997 205.3696 1.851735 0.643463 0.612257 -4.717587 0.715576 20.664137 -4.640123 0.27107048
Pedestrian -1 -1 -4.5392 456.1711 141.7877 480.5201 205.0447 1.855985 0.617425 0.611123 -4.101686 0.720446 21.056545 -4.731623 0.27073997
Pedestrian -1 -1 -4.7738 643.3496 138.1771 665.5821 200.0265 1.848143 0.633353 0.627225 1.458369 0.583768 21.443275 -4.705908 0.24389859
Pedestrian -1 -1 -3.7993 575.7473 139.9016 626.1194 227.5172 1.870840 0.612522 0.934066 -0.132590 1.004297 15.626905 -3.807812 0.21396852
Pedestrian -1 -1 -4.6049 499.7961 141.4810 522.2388 204.1454 1.851714 0.601636 0.669016 -2.854347 0.699009 21.235348 -4.738531 0.20646283
Pedestrian -1 -1 -4.0005 569.4608 133.4009 618.3623 233.5612 1.839370 0.568583 0.767503 -0.254410 0.974797 13.461291 -4.019371 0.17940193
Pedestrian -1 -1 -3.6340 530.9983 143.9200 581.1503 233.8213 1.851007 0.621869 0.874732 -1.087895 1.098202 15.054373 -3.706136 0.17040384
Pedestrian -1 -1 -4.7002 473.9622 140.1873 496.8163 204.4302 1.829355 0.643436 0.737177 -3.509800 0.681728 20.548000 -4.869370 0.16844432
Pedestrian -1 -1 -4.4991 501.4989 144.3796 524.6878 203.6256 1.836562 0.605031 0.633175 -2.924298 0.717152 22.258236 -4.629771 0.16737793
Pedestrian -1 -1 -4.1538 581.3401 139.4200 619.7894 222.5428 1.831014 0.560550 0.751433 -0.139778 0.926455 16.041561 -4.162500 0.16381523
Pedestrian -1 -1 -4.7255 521.4843 133.3732 558.8763 247.5235 1.885321 0.616946 0.849517 -1.168526 1.107348 12.133547 -4.821519 0.15112038
Pedestrian -1 -1 -4.4978 498.9175 142.2786 522.6183 204.4563 1.870744 0.589257 0.679660 -2.914804 0.721064 21.635494 -4.631738 0.14982213
Pedestrian -1 -1 -3.7729 533.2896 146.1064 579.9531 233.2692 1.842132 0.628514 0.799886 -1.100591 1.115593 15.441322 -3.844090 0.13401462
Pedestrian -1 -1 -7.5871 457.2058 141.1604 483.4367 202.7202 1.848089 0.641690 0.638833 -4.139824 0.667364 21.569597 -7.776717 0.13391809
Pedestrian -1 -1 -4.4220 488.0913 142.5659 514.0283 202.5492 1.854123 0.634507 0.701836 -3.300842 0.681838 22.247917 -4.569318 0.11827735
Pedestrian -1 -1 -4.3196 506.3631 143.4589 532.5975 204.0719 1.840943 0.590242 0.684572 -2.678491 0.716215 21.883368 -4.441414 0.11373236
Pedestrian -1 -1 -4.8786 558.2218 150.3149 580.0596 204.6751 1.862196 0.649857 0.710069 -1.286540 0.828418 24.638121 -4.930787 0.11281005
Pedestrian -1 -1 -7.4203 395.3512 139.6553 429.6857 204.2096 1.856908 0.680796 0.854627 -5.695642 0.682306 20.816172 -7.687396 0.10815579
Pedestrian -1 -1 -4.5863 475.7197 141.6323 500.4628 204.4779 1.848524 0.651224 0.683842 -3.528366 0.705574 21.151405 -4.751616 0.10752602
Pedestrian -1 -1 -3.9543 558.4803 156.7930 582.0096 208.9436 1.848279 0.605908 0.592015 -1.283647 1.008331 25.480549 -4.004637 0.10570136
Pedestrian -1 -1 -3.4995 576.4794 140.7467 630.5950 233.3259 1.884098 0.612810 0.983172 -0.080423 1.075425 14.850430 -3.504961 0.10522941
Pedestrian -1 -1 -7.5481 419.9366 138.5792 450.4594 203.2859 1.823775 0.657849 0.755863 -4.912552 0.642529 20.328030 -7.785220 0.10203663
