Car -1 -1 -7.6013 307.2015 174.5680 494.2043 319.6787 1.689126 1.607524 3.910693 -2.820875 1.718223 10.410142 -7.865967 0.99982041
Car -1 -1 -4.1161 0.0000 199.7300 161.5943 282.4952 1.540828 1.679762 3.980234 -12.484876 2.240700 16.772623 -4.755984 0.99811339
Car -1 -1 -7.8617 590.6384 177.3773 616.7125 202.9931 1.571460 1.623991 3.715493 -0.460918 1.876263 46.797020 -7.871500 0.93229175
Car -1 -1 -4.5662 457.3756 183.1802 486.6773 204.6391 1.529073 1.620067 4.244252 -10.624368 2.355917 55.641930 -4.754900 0.39403617
Car -1 -1 -4.5064 456.4591 183.3417 486.9788 203.6565 1.511004 1.583961 4.197563 -11.090596 2.383867 57.960110 -4.695418 0.17793822
Pedestrian -1 -1 -3.7542 662.1290 167.9670 698.6288 232.4969 1.768173 0.686648 0.763518 1.923411 1.633967 20.258043 -3.659501 0.47593904
Pedestrian -1 -1 -5.8813 693.3329 158.9738 737.2124 235.8025 1.850772 0.556463 0.931801 2.554534 1.516104 17.860723 -5.739273 0.34386408
Pedestrian -1 -1 -5.8010 697.3143 161.6747 742.7913 236.3321 1.831428 0.612967 0.961558 2.728545 1.556887 18.231174 -5.652425 0.25913534
Pedestrian -1 -1 -6.2038 696.0447 158.2950 742.5085 238.5544 1.848529 0.589193 1.041913 2.531775 1.512907 17.022707 -6.056106 0.22348222
Pedestrian -1 -1 -5.7821 701.3359 161.5193 746.9126 237.2029 1.780732 0.579597 0.926779 2.713042 1.513742 17.488909 -5.628151 0.20731841
Pedestrian -1 -1 -3.0551 677.4962 157.9040 719.5603 237.4497 1.865534 0.511123 0.960083 2.071739 1.514621 17.270050 -2.935707 0.19828993
Pedestrian -1 -1 -5.8426 696.6953 162.3506 740.9308 235.1359 1.825549 0.647979 0.943551 2.758732 1.561811 18.628262 -5.695611 0.17583698
Pedestrian -1 -1 -6.2924 712.9258 163.3910 759.4030 241.2173 1.693887 0.554727 1.001515 2.749123 1.487625 16.057995 -6.122839 0.17165548
Pedestrian -1 -1 -3.8949 661.8493 167.2684 702.6363 232.6017 1.743642 0.721224 0.850730 1.931818 1.594272 19.801916 -3.797689 0.13993765
Pedestrian -1 -1 -5.9459 709.4434 164.8924 747.8855 232.7412 1.747477 0.650687 0.835160 3.087841 1.542122 19.068771 -5.785410 0.11238692
Pedestrian -1 -1 -6.0110 678.6064 158.5686 721.3218 234.8405 1.823259 0.515571 0.934318 2.152948 1.481470 17.665327 -5.889761 0.10469423
Cyclist -1 -1 -2.8308 690.2057 161.0784 775.0405 246.6024 1.829526 0.612947 1.764639 2.678043 1.577324 16.111481 -2.666134 0.69908160
