Car -1 -1 -4.3436 59.4759 182.0766 329.4115 337.5256 1.578323 1.695683 3.862380 -4.953351 1.588066 9.326594 -4.831821 0.99907601
Car -1 -1 -6.3687 527.8315 188.8528 589.5472 210.4183 1.500406 1.589704 4.323145 -3.090773 2.042052 51.824738 -6.428261 0.10883462
Pedestrian -1 -1 -4.7898 627.6723 147.7809 662.6349 235.5091 1.900356 0.707491 0.888703 0.925204 1.170501 16.011679 -4.732035 0.89141536
Pedestrian -1 -1 -3.8735 0.0000 154.0109 127.5752 373.0000 1.799160 0.681560 0.807820 -4.127173 1.617526 5.221663 -4.542379 0.54175901
Pedestrian -1 -1 -6.9506 0.0000 155.3810 129.0722 373.0000 1.802800 0.679112 0.800196 -4.331840 1.618736 5.552155 -7.613155 0.23970146
Pedestrian -1 -1 -3.9055 0.0000 149.2682 118.0954 373.0000 1.805184 0.682208 0.837026 -3.960500 1.608713 4.852472 -4.590033 0.18519840
Pedestrian -1 -1 -3.8303 0.0000 177.3972 80.7965 366.4669 1.703090 0.604602 0.611356 -5.532897 1.666852 6.830511 -4.511137 0.16469175
Pedestrian -1 -1 -3.9437 0.0000 141.4670 120.9146 373.0000 1.789580 0.721416 0.889937 -3.689816 1.569685 4.429831 -4.638238 0.15526524
Pedestrian -1 -1 -4.3783 454.9202 162.2178 478.6183 215.1851 1.876343 0.652740 0.677081 -4.861886 1.193677 25.829674 -4.564342 0.14072199
Pedestrian -1 -1 -6.8038 0.0000 154.6741 106.6490 373.0000 1.803714 0.673485 0.847246 -4.692328 1.607749 5.783741 -7.485403 0.13622996
Pedestrian -1 -1 -3.6277 0.0000 171.7567 96.5048 373.0000 1.693663 0.640945 0.757780 -5.145062 1.614131 6.392006 -4.305442 0.12177540
Pedestrian -1 -1 -4.6753 0.0000 172.1966 67.2003 351.7974 1.711069 0.550182 0.469531 -5.746308 1.623147 7.195948 -5.349113 0.10856687
Pedestrian -1 -1 -3.9624 0.0000 135.2390 125.7381 373.0000 1.817763 0.723688 0.937596 -3.116550 1.618044 3.594655 -4.676728 0.10229422
Cyclist -1 -1 -4.4420 296.8236 153.7956 389.6039 316.6220 1.780545 0.603240 1.825359 -3.147824 1.478286 8.787553 -4.785988 0.93245590
