Car -1 -1 -8.9138 915.9689 185.4109 1233.9167 302.7432 1.362537 1.569546 3.696045 6.633972 1.584970 10.802372 -8.363069 0.99835408
Car -1 -1 -8.0671 661.7302 184.8690 734.0459 235.3075 1.429648 1.588193 3.432232 2.682400 1.843523 23.087320 -7.951451 0.99794871
Car -1 -1 -8.0096 637.3104 181.6136 686.2211 217.1251 1.447473 1.592489 3.900650 2.219726 1.865130 32.415367 -7.941200 0.99508673
Car -1 -1 -2.8381 275.6435 191.1457 446.7643 247.3128 1.383664 1.597687 4.006230 -6.563196 1.891182 19.180410 -3.167835 0.98704857
Car -1 -1 -2.7188 46.8393 188.9438 331.6199 295.3135 1.545944 1.628805 3.669894 -6.725228 1.830164 11.772141 -3.237831 0.98000473
Car -1 -1 -2.8364 340.1256 191.0163 471.8760 238.2347 1.445781 1.554520 3.853188 -6.646332 2.059828 23.570848 -3.111230 0.85054249
Car -1 -1 -2.3509 0.0000 143.2494 251.1269 374.0000 1.947114 1.770532 4.336693 -6.068586 1.706833 6.879178 -3.073747 0.84824067
Car -1 -1 -2.5062 174.7794 191.3466 369.3812 273.4294 1.466790 1.549902 3.245632 -6.765134 1.864692 14.458261 -2.943874 0.80013758
Car -1 -1 -2.8570 446.6848 179.2211 521.7356 210.6481 1.702456 1.674769 3.841011 -7.075888 2.069284 40.557507 -3.029750 0.57114583
Car -1 -1 -4.3577 384.4911 185.0835 458.5929 224.8773 1.477430 1.616663 4.317050 -7.874498 2.029962 30.387810 -4.611280 0.30668551
