Car -1 -1 -7.0770 0.0000 202.5255 293.9571 369.0000 1.461786 1.608297 3.839181 -3.243658 1.629251 3.427228 -7.834909 0.85431790
Car -1 -1 -5.2911 489.3069 173.2206 578.9082 214.6111 1.448668 1.573869 3.725419 -2.766196 1.194145 26.688826 -5.394422 0.75727487
Pedestrian -1 -1 -7.5378 1076.9282 137.8119 1140.2311 252.9267 1.817786 0.596510 0.922084 8.270367 1.144080 11.679328 -6.921603 0.66704166
Pedestrian -1 -1 -7.6299 1103.5594 154.2730 1132.0817 225.1188 1.774913 0.515270 0.390970 13.039162 1.118166 18.036406 -7.003986 0.26873925
Pedestrian -1 -1 -5.7556 1163.5483 140.4118 1198.5356 213.0751 1.805250 0.560545 0.467585 14.525629 0.809622 17.883696 -5.073451 0.24015087
Pedestrian -1 -1 -5.9321 1068.4647 151.6336 1090.6638 210.2421 1.804234 0.538004 0.416717 14.792401 0.915880 22.092968 -5.342079 0.21684457
Pedestrian -1 -1 -5.9669 1074.0176 158.4358 1091.3079 206.2033 1.901500 0.560022 0.424362 19.216133 1.023407 28.485180 -5.373459 0.17135112
Pedestrian -1 -1 -6.4109 1114.0312 151.0193 1136.0007 220.5458 1.749551 0.505264 0.390667 13.271603 1.008027 18.107653 -5.778436 0.14036933
Pedestrian -1 -1 -2.9588 1068.7054 158.3682 1084.2766 206.0539 1.894273 0.596002 0.420360 18.942785 1.015331 28.447170 -2.371308 0.13912529
Pedestrian -1 -1 -5.8454 1076.5382 153.3036 1101.1848 210.6241 1.773929 0.548421 0.449153 15.165359 0.932551 22.214352 -5.246439 0.13902192
Pedestrian -1 -1 -5.4813 1090.6696 143.4404 1137.1476 230.1525 1.827415 0.601114 0.545503 10.898573 1.046751 15.214629 -4.859669 0.13794024
Pedestrian -1 -1 -5.1539 1160.7050 142.7156 1197.3702 216.3432 1.805693 0.554794 0.486095 14.273459 0.879369 17.641916 -4.473621 0.13536142
Pedestrian -1 -1 -7.3093 1057.9398 141.8156 1122.3497 251.4361 1.818272 0.542535 0.868802 8.288087 1.176994 12.154780 -6.710800 0.12476889
Pedestrian -1 -1 -6.0610 1062.0153 151.4623 1082.1738 210.1716 1.803906 0.532104 0.418375 14.537855 0.911977 22.060061 -5.478360 0.12182482
Pedestrian -1 -1 -7.5064 1053.6313 140.5248 1108.8412 250.5288 1.766020 0.515551 0.826381 7.902269 1.124635 11.803378 -6.916458 0.12022277
Pedestrian -1 -1 -5.8505 1063.0352 149.8848 1089.0708 210.6587 1.798865 0.556006 0.461511 14.132832 0.892969 21.270407 -5.264087 0.11643141
Pedestrian -1 -1 -5.8428 1075.7979 153.6815 1099.8413 210.5555 1.812784 0.549162 0.451423 15.581263 0.958258 22.870104 -5.244726 0.11475255
Pedestrian -1 -1 -2.9786 1082.8578 159.0738 1097.4908 205.7976 1.909229 0.555257 0.414719 20.035067 1.033929 29.235399 -2.377844 0.11432105
Pedestrian -1 -1 -4.7055 999.2382 138.6182 1053.7261 271.9877 1.767755 0.630729 0.662111 5.794884 1.213030 9.817724 -4.172288 0.11121935
Pedestrian -1 -1 -5.4458 1095.6348 143.8840 1141.3409 231.3982 1.804388 0.562162 0.537624 10.750188 1.049783 14.875568 -4.820046 0.11111069
Pedestrian -1 -1 -9.1373 1107.8760 152.2623 1138.1935 223.0684 1.741599 0.569929 0.472423 12.964278 1.047369 17.751816 -8.506546 0.10808573
Pedestrian -1 -1 -8.0050 1095.0608 156.2590 1118.5941 214.1355 1.797575 0.545801 0.424432 15.766685 1.044961 22.272188 -7.388990 0.10060483
Pedestrian -1 -1 -7.9915 1089.9032 154.0632 1117.3931 224.3724 1.761205 0.511055 0.478308 12.675564 1.099301 18.040707 -7.379006 0.10019592
Cyclist -1 -1 -6.8616 1070.6816 161.3649 1156.9272 229.8087 1.715699 0.590205 1.750113 12.932074 1.236358 18.056295 -6.240109 0.13623375
Cyclist -1 -1 -7.3846 118.1881 175.5125 192.4050 266.8257 1.826675 0.621260 1.722465 -9.559044 1.727259 15.031441 -7.951026 0.11443204
