Car -1 -1 -4.6580 568.2495 169.4012 599.2753 194.6447 1.421349 1.612041 4.249014 -1.002537 0.740260 42.594723 -4.681483 0.97302192
Pedestrian -1 -1 -4.8350 636.4052 157.8837 674.0214 247.6881 1.828600 0.677281 0.918661 1.079157 1.348303 15.102835 -4.763695 0.98290426
Pedestrian -1 -1 -4.7828 708.0103 160.4030 736.2255 234.5185 1.774207 0.623946 0.816152 2.917278 1.269716 17.631247 -4.618807 0.86203593
Pedestrian -1 -1 -4.9713 313.8539 156.5625 422.2417 373.0000 1.748075 0.623253 0.824693 -1.924884 1.568167 5.719454 -5.295956 0.85253078
Pedestrian -1 -1 -4.8357 730.1448 152.0900 758.8210 222.5880 1.827525 0.643660 0.852706 3.754350 1.065640 19.069590 -4.641311 0.76997012
Pedestrian -1 -1 -4.8811 678.3473 155.6711 709.7383 242.9019 1.785251 0.543544 0.677985 1.893303 1.257219 15.051824 -4.755923 0.69183844
Pedestrian -1 -1 -5.0539 390.1079 154.8372 483.2424 367.4477 1.770065 0.592713 0.753930 -1.543802 1.548813 6.457984 -5.288585 0.65482235
Pedestrian -1 -1 -4.5938 672.9829 160.1963 698.0955 230.3002 1.722907 0.553460 0.664595 2.081178 1.199866 18.041460 -4.478950 0.34031555
Pedestrian -1 -1 -3.5202 721.5054 158.4209 761.7527 224.3914 1.896881 0.669117 0.979856 4.075130 1.233753 21.074692 -3.329228 0.15390985
Pedestrian -1 -1 -4.1714 672.7781 160.4230 706.0920 232.0888 1.723994 0.543480 0.680604 2.136476 1.217500 17.715734 -4.051400 0.14190942
Pedestrian -1 -1 -5.1458 158.2726 139.1184 303.1288 373.0000 1.782980 0.582387 0.787273 -2.542387 1.527206 4.818252 -5.631322 0.11481281
Pedestrian -1 -1 -4.9825 748.1375 152.0738 776.7280 213.6859 1.859319 0.683408 0.736145 4.908071 0.971761 22.062868 -4.763560 0.10512845
Cyclist -1 -1 -3.7358 881.4834 156.7340 1237.0000 373.0000 1.766855 0.643510 1.802268 2.134137 1.676586 2.986334 -3.115278 0.18714023
