Car -1 -1 -8.0787 713.6498 185.8340 855.8401 282.5604 1.385023 1.605607 3.543539 2.818787 1.643026 12.583401 -7.858364 0.99829429
Car -1 -1 -5.5611 0.0000 183.9102 277.3576 338.8279 1.485814 1.624159 3.948377 -6.084532 1.622839 8.009104 -6.210744 0.98592317
Car -1 -1 -6.8075 766.7576 174.9414 968.5419 244.0599 1.529582 1.681545 4.284729 6.054051 1.582775 17.266121 -6.470305 0.98171079
Car -1 -1 -7.9135 637.6251 178.4013 667.4055 203.1814 1.480528 1.650875 4.022786 2.636356 1.849546 46.024117 -7.856330 0.98070872
Car -1 -1 -5.6850 31.5408 184.3630 366.4814 302.7336 1.483538 1.609628 3.891374 -5.720881 1.661476 10.203102 -6.195982 0.96760064
Car -1 -1 -5.5347 145.2769 177.0308 386.7798 277.6274 1.543676 1.613702 3.652152 -5.973623 1.623320 12.495626 -5.980611 0.96060795
Car -1 -1 -2.8400 301.6640 182.6443 460.7197 238.3711 1.421410 1.564240 3.798456 -6.137685 1.696012 19.470760 -3.145396 0.86794388
Car -1 -1 -4.7091 710.6953 174.5169 754.7192 216.6414 1.706952 1.778504 4.371254 5.350696 1.785076 31.724537 -4.542034 0.79463267
Car -1 -1 -5.2728 258.9864 182.0010 429.2122 259.4400 1.410167 1.596045 3.821268 -5.773085 1.627249 15.355083 -5.632388 0.37226719
Car -1 -1 -4.9443 738.5296 180.4654 813.9526 228.0088 1.395365 1.560170 3.800297 5.313146 1.665176 23.696714 -4.723763 0.34262973
Car -1 -1 -2.8883 345.6832 173.2412 472.1585 230.7740 1.722082 1.664140 3.488717 -6.235125 1.734303 22.470976 -3.158926 0.15308441
Car -1 -1 -7.2048 1179.6772 112.5936 1241.0000 357.1747 2.160689 2.033445 5.564535 9.384644 1.628034 7.451829 -6.305152 0.14750510
Car -1 -1 -2.9414 373.8846 175.1027 486.5164 218.1847 1.516697 1.618349 3.749691 -6.551198 1.601394 26.383781 -3.184758 0.13747939
Car -1 -1 -2.1673 0.0000 99.2137 99.6549 374.0000 1.879846 1.933661 4.850195 -6.537817 1.496778 4.807712 -3.104001 0.10696595
