Car -1 -1 -4.6800 445.1299 182.1509 492.8600 222.3738 1.288522 1.561840 3.299805 -5.006571 1.641672 25.678028 -4.872589 0.97915351
Car -1 -1 -3.3797 630.4535 173.6215 699.1998 196.6359 1.504639 1.680977 4.325579 3.624862 1.557114 48.432652 -3.304982 0.97803307
Car -1 -1 -5.4561 337.4471 180.5884 423.7703 213.2123 1.419815 1.609067 3.950644 -10.827186 1.800588 33.873455 -5.765487 0.95377421
Car -1 -1 -4.4010 1.7051 180.5488 125.0571 243.7948 1.579520 1.706229 3.836032 -15.492200 1.821429 20.620275 -5.045338 0.94676214
Car -1 -1 -6.1633 453.9550 161.4461 541.2424 198.0963 2.683251 2.522394 6.220533 -8.388339 1.847748 54.190800 -6.316898 0.55158526
Pedestrian -1 -1 -8.3429 692.7769 167.6136 717.4363 217.5594 1.763646 0.629197 0.684707 3.365231 1.578301 25.909533 -8.213706 0.51926517
Pedestrian -1 -1 -8.6095 693.0605 167.3431 718.8863 216.3764 1.752628 0.614794 0.705543 3.444382 1.555349 26.256327 -8.479076 0.32846415
Pedestrian -1 -1 -8.5932 693.4612 167.3078 719.9880 214.9328 1.724320 0.644610 0.731584 3.518903 1.523214 26.608479 -8.461687 0.26772907
Pedestrian -1 -1 -6.1280 694.4769 168.3909 715.6061 217.8373 1.724324 0.590941 0.659052 3.320114 1.568387 25.538008 -5.998683 0.20603950
Pedestrian -1 -1 -5.9387 695.0661 167.4255 719.7816 214.3102 1.728844 0.656153 0.741551 3.611226 1.528373 27.067984 -5.806065 0.13791218
Pedestrian -1 -1 -6.0532 697.8764 167.9638 719.1132 214.2694 1.737897 0.614540 0.680328 3.709401 1.554061 27.488298 -5.919075 0.13339733
Pedestrian -1 -1 -6.1297 701.5186 167.9991 719.5980 213.2293 1.748399 0.640426 0.612305 3.899964 1.560428 28.285929 -5.992682 0.11696581
Pedestrian -1 -1 -6.1682 698.9974 168.8821 717.6343 214.1998 1.729194 0.598753 0.650722 3.759497 1.577337 27.902147 -6.034255 0.10292627
