Car -1 -1 -8.0269 693.2813 184.9108 789.7456 253.6486 1.362081 1.591050 3.387927 2.858385 1.667307 16.588375 -7.856280 0.99908245
Car -1 -1 -6.5262 753.7626 176.2624 894.3016 231.3665 1.578197 1.657140 3.754630 6.293841 1.684564 21.678694 -6.243674 0.99116361
Car -1 -1 -5.8309 195.9961 181.0216 436.3101 268.1801 1.577107 1.678120 4.062214 -5.727337 1.748804 14.216866 -6.213914 0.98712015
Car -1 -1 -2.7733 81.4718 187.1848 373.3319 288.3508 1.465299 1.634741 3.875542 -6.086096 1.718988 11.764428 -3.250744 0.97244507
Car -1 -1 -2.8685 351.7147 182.3786 488.1561 227.4823 1.408861 1.594467 4.058146 -6.223575 1.732632 23.719460 -3.125052 0.89569324
Car -1 -1 -5.9219 302.8248 181.5034 466.6137 241.8405 1.476330 1.555478 3.767339 -5.844678 1.712032 18.798479 -6.223350 0.88172829
Car -1 -1 -2.4596 0.0000 186.5186 243.6489 311.1660 1.434987 1.560437 3.720413 -7.046276 1.627546 9.337810 -3.106086 0.83950472
Car -1 -1 -2.8077 405.8139 170.7839 513.7901 214.6170 1.831693 1.734099 4.250476 -6.511385 1.744888 31.284246 -3.012862 0.81279212
Car -1 -1 -7.9087 636.5814 179.9710 662.8165 201.8627 1.438927 1.622400 3.831247 2.717305 1.956521 50.588737 -7.855017 0.68629718
Car -1 -1 -4.2414 177.0061 186.7365 328.5620 259.0490 1.454437 1.540272 4.149191 -8.451179 1.829169 17.403282 -4.693428 0.64646369
Car -1 -1 -2.2935 0.0000 133.6997 176.9995 374.0000 2.132965 2.012696 5.385034 -7.317539 1.829979 6.617920 -3.129063 0.31722751
Car -1 -1 -5.6909 260.6967 179.7496 447.6448 252.5175 1.526404 1.627920 3.800623 -5.908929 1.697122 16.634453 -6.032240 0.31049678
Car -1 -1 -2.3965 343.1769 179.8647 471.0266 236.1734 1.500315 1.640924 3.377675 -5.983175 1.719479 21.092089 -2.672895 0.26733214
Car -1 -1 -3.9455 0.0000 160.3786 86.0143 275.6948 1.756955 1.750656 4.664853 -12.345387 1.566580 13.343010 -4.692132 0.16064961
Car -1 -1 -4.5637 425.8317 181.0624 491.8437 226.9133 1.405301 1.647995 4.024292 -5.170692 1.711716 24.905672 -4.768436 0.11497234
Pedestrian -1 -1 -7.7204 87.0273 172.7409 157.7200 322.6565 1.602793 0.595268 0.504205 -5.495420 1.601283 8.072844 -8.318114 0.13009770
Pedestrian -1 -1 -3.7574 32.1391 163.0380 147.6601 333.5945 1.694284 0.726859 0.696594 -5.528953 1.596473 7.614216 -4.385435 0.12058400
