Car -1 -1 -7.5781 337.7697 173.2474 465.9129 256.8778 1.701759 1.724941 4.397922 -4.675479 1.458379 16.830820 -7.849109 0.99992907
Car -1 -1 -7.7172 454.1966 182.5432 509.6536 221.3445 1.460138 1.652424 4.254388 -5.069485 1.359725 29.206242 -7.889076 0.99868375
Car -1 -1 -7.8553 573.1914 178.7983 620.4955 221.6186 1.505000 1.663437 4.191911 -0.465013 1.279606 27.376417 -7.872312 0.99863178
Car -1 -1 -7.3513 140.2097 189.6802 302.3657 263.4813 1.413514 1.601011 3.565659 -8.335615 1.522838 15.781517 -7.837265 0.99693179
Car -1 -1 -7.4478 256.4295 181.7665 338.4331 224.0726 1.624032 1.675439 3.932908 -12.689612 1.491783 29.562183 -7.853313 0.99208611
Car -1 -1 -7.1385 0.0000 105.3849 154.6644 360.7194 2.250078 2.015332 5.143879 -8.255250 1.546744 8.936079 -7.884320 0.96946263
Car -1 -1 -2.3346 0.0000 105.6913 174.0698 321.8336 2.586025 2.218856 6.153829 -9.687353 1.634716 9.792769 -3.114606 0.30603260
Car -1 -1 -2.1817 0.0000 32.6888 189.1695 375.0000 2.440214 2.144359 5.967927 -6.264093 1.724975 4.470340 -3.132694 0.19895062
Car -1 -1 -5.2583 0.0000 146.6152 62.3411 375.0000 1.677906 1.764881 4.452938 -5.556919 1.541848 3.436943 -6.275194 0.14088629
Car -1 -1 -2.2801 0.0000 83.0377 133.7592 346.7142 2.695570 2.205461 6.561858 -9.649820 1.651160 8.492295 -3.129166 0.12346373
Cyclist -1 -1 -4.1112 0.0000 154.4007 161.2252 375.0000 1.760920 0.643827 1.779733 -3.111225 1.644808 3.631544 -4.819558 0.15303110
