Pedestrian -1 -1 -4.9857 485.1872 134.8802 560.3800 298.0622 1.882770 0.670137 1.008170 -1.088898 1.356828 8.752277 -5.109470 0.97251534
Pedestrian -1 -1 -4.5054 741.4594 133.8182 813.1714 304.5710 1.853827 0.634775 0.949632 1.969347 1.347429 8.241196 -4.270793 0.90234774
Pedestrian -1 -1 -4.9062 676.1028 134.0229 749.2459 296.8162 1.849282 0.680219 1.034822 1.225111 1.321730 8.566174 -4.764143 0.85063523
Pedestrian -1 -1 -4.9071 830.6206 131.8747 905.4657 301.5630 1.839451 0.638082 0.909138 2.956174 1.312761 8.162354 -4.559649 0.83793128
Pedestrian -1 -1 -2.4961 547.4244 133.4303 635.9094 279.9615 1.906983 0.631690 1.052786 -0.239262 1.294812 9.764826 -2.520574 0.69677567
Pedestrian -1 -1 -5.2508 890.3808 127.5916 995.2477 300.7835 1.886721 0.663686 1.030072 3.851460 1.310763 8.248486 -4.813909 0.59885561
Pedestrian -1 -1 -5.5304 615.8512 137.5275 690.4547 269.4962 1.870637 0.622754 0.940634 0.662643 1.261903 10.578183 -5.467831 0.59777552
Pedestrian -1 -1 -5.3891 906.7300 114.1811 1120.4489 369.0000 1.800308 0.621081 0.867314 2.167917 1.475189 3.952156 -4.887338 0.57517922
Pedestrian -1 -1 -3.1273 986.2194 94.0877 1186.8545 369.0000 1.863690 0.615030 0.922276 2.756048 1.414908 4.189158 -2.545424 0.44252282
Pedestrian -1 -1 -4.6594 479.5854 136.5738 513.6064 233.5701 1.845508 0.625097 0.674510 -2.156796 1.010106 13.820007 -4.814194 0.40516073
Pedestrian -1 -1 -4.7837 585.4539 133.5195 620.2350 226.4070 1.863260 0.660405 0.781626 -0.099206 0.921220 14.598319 -4.790514 0.40511242
Pedestrian -1 -1 -4.0748 474.2465 137.2299 519.7566 231.9910 1.843268 0.643771 0.649065 -2.209342 1.001949 14.190265 -4.229227 0.22394747
Pedestrian -1 -1 -5.7165 574.8661 131.9716 659.6086 271.6568 1.868407 0.599472 1.037398 0.119242 1.219699 9.991994 -5.704560 0.20600459
Pedestrian -1 -1 -2.6097 607.4373 132.0080 685.6835 272.0822 1.894722 0.607037 0.934546 0.540299 1.239191 10.075115 -2.556157 0.20421998
Pedestrian -1 -1 -2.3627 533.3339 126.9438 624.3289 280.9692 1.924400 0.647107 1.062428 -0.408986 1.255673 9.430245 -2.406079 0.20327958
Pedestrian -1 -1 -5.0584 571.5316 136.6558 617.4893 234.9124 1.858046 0.664810 0.804738 -0.260761 1.029309 13.864889 -5.077209 0.18392913
Pedestrian -1 -1 -7.3890 246.8771 127.0155 304.5831 239.8940 1.797459 0.647124 0.623810 -5.429733 0.946164 11.579305 -7.827511 0.18247983
Pedestrian -1 -1 -4.7895 592.8925 134.2371 626.6950 223.8345 1.847616 0.657377 0.741327 0.048004 0.893967 14.974203 -4.786269 0.17310388
Pedestrian -1 -1 -2.7973 170.2009 139.7853 293.5779 363.5559 1.727788 0.591021 0.741881 -3.090445 1.413857 5.805288 -3.286531 0.12338787
Pedestrian -1 -1 -7.8410 484.2951 152.1277 499.3759 194.9928 1.899887 0.660779 0.627607 -5.092843 0.642553 31.696808 -8.000313 0.12080753
Pedestrian -1 -1 -5.9444 620.8179 142.5695 687.7582 264.3244 1.811170 0.541030 0.906499 0.715788 1.247323 10.944667 -5.879123 0.10719875
Cyclist -1 -1 -4.4957 475.8304 150.6456 494.5024 186.9676 1.684465 0.591219 1.380976 -5.688987 0.300124 33.494007 -4.663982 0.12933151
