Pedestrian -1 -1 -8.3411 596.1188 158.3817 671.7164 319.4953 1.779932 0.590911 0.765647 0.319146 1.525222 8.409081 -8.303154 0.90099990
Pedestrian -1 -1 -3.9070 722.8444 165.6098 767.9241 241.3214 1.760824 0.633809 0.859426 3.409745 1.391810 17.204939 -3.711317 0.83432227
Pedestrian -1 -1 -4.2371 141.7630 167.6605 274.2858 373.0000 1.626781 0.560680 0.622563 -2.670257 1.540648 4.829194 -4.742155 0.60580832
Pedestrian -1 -1 -7.6625 711.3475 161.7477 740.4875 227.9386 1.761047 0.640398 0.824224 3.370479 1.236030 19.610474 -7.492279 0.59374338
Pedestrian -1 -1 -2.6727 664.2485 160.1391 751.6855 311.0735 1.712207 0.527798 0.896693 1.226807 1.470578 8.622016 -2.531401 0.57876152
Pedestrian -1 -1 -3.9316 192.4496 170.4409 286.1192 329.2742 1.713981 0.617222 0.734209 -4.165138 1.595338 8.195449 -4.401855 0.56511545
Pedestrian -1 -1 -3.6255 161.3427 171.1299 245.5648 319.7007 1.730462 0.633516 0.689247 -4.933517 1.610364 8.828378 -4.135073 0.24254020
Pedestrian -1 -1 -3.5714 755.9928 153.7859 807.7407 247.9886 1.848114 0.560119 0.852494 3.580832 1.304995 14.447025 -3.328468 0.13103870
Pedestrian -1 -1 -3.7883 157.0215 171.2814 257.1273 327.5786 1.728995 0.608627 0.835041 -4.671571 1.616648 8.451606 -4.293287 0.12614293
Pedestrian -1 -1 -5.8368 0.0000 175.8784 134.0412 350.8692 1.502369 0.671453 1.142489 -5.136091 1.454829 6.616443 -6.496882 0.10837418
Cyclist -1 -1 -4.5283 426.6245 165.8669 474.1087 257.4414 1.757757 0.639072 1.776873 -3.099090 1.458276 14.684128 -4.736252 0.96032268
Cyclist -1 -1 -4.4568 385.7877 159.4765 460.8623 300.3465 1.786885 0.585818 1.784346 -2.482314 1.508199 10.007560 -4.699984 0.95550919
Cyclist -1 -1 -4.6131 426.7924 169.9065 452.6760 224.7775 1.800324 0.692447 1.764875 -5.521856 1.420368 24.486784 -4.834862 0.14452623
Cyclist -1 -1 -4.9038 707.6649 159.9538 744.3204 230.4745 1.831320 0.644219 1.808095 3.336215 1.272308 19.565184 -4.734955 0.13886507
Cyclist -1 -1 -3.2342 695.9535 161.3977 763.2239 228.5810 1.788934 0.593029 1.747708 3.427094 1.254159 19.494137 -3.060214 0.12083139
Cyclist -1 -1 -4.4669 582.5933 153.4569 670.7408 329.0448 1.818540 0.617948 1.771667 0.291456 1.528804 8.376432 -4.432117 0.11563251
