Car -1 -1 -8.0609 738.2925 179.4573 846.2407 255.6504 1.530574 1.650754 3.758557 4.031091 1.700769 16.727020 -7.824387 0.99848109
Car -1 -1 -8.1953 778.3320 177.4760 965.4874 296.6130 1.583465 1.633064 3.625787 3.906448 1.668888 11.556908 -7.869361 0.99837387
Car -1 -1 -4.4725 419.5059 184.9083 509.4081 240.4405 1.442812 1.713408 4.144794 -4.313574 1.841437 21.770222 -4.668143 0.99823833
Car -1 -1 -7.9726 715.3799 178.7793 784.1205 232.4906 1.464407 1.596104 3.849603 4.134108 1.661648 22.081354 -7.787483 0.99737561
Car -1 -1 -8.4100 886.8454 198.3495 1241.0000 374.0000 1.366088 1.630707 4.135440 3.805817 1.649108 5.939306 -7.840128 0.99727672
Car -1 -1 -8.0033 694.2693 177.9664 754.1279 220.3445 1.455854 1.625697 4.120616 4.197383 1.663943 27.348068 -7.850980 0.99470598
Car -1 -1 -4.5300 472.7843 181.7791 533.5869 224.7729 1.457350 1.575541 4.004873 -4.008328 1.820228 27.330612 -4.675643 0.99212283
Car -1 -1 -4.5911 552.4518 179.7019 582.0743 202.3628 1.414399 1.560721 3.418675 -2.833107 1.884879 47.850182 -4.650208 0.34858328
Car -1 -1 -7.2310 1069.8971 189.9833 1241.0000 374.0000 1.575258 1.653462 4.543599 5.404865 1.697038 4.224527 -6.323602 0.13286634
Car -1 -1 -4.5393 495.6770 181.7668 546.9153 216.5588 1.405237 1.600651 4.042077 -3.937912 1.828837 32.257458 -4.660791 0.12360773
Car -1 -1 -7.9886 686.3752 175.5930 721.9109 205.7034 1.593794 1.518159 3.351590 5.163599 1.752396 40.178917 -7.860754 0.11006431
