Car -1 -1 -8.1199 745.8339 191.8944 941.4396 322.3600 1.345308 1.586916 3.302830 2.824309 1.642181 9.594119 -7.833562 0.99870479
Car -1 -1 -7.9069 637.5909 180.8834 669.0435 206.0316 1.404343 1.676801 4.023481 2.537783 1.911620 43.596035 -7.848783 0.97309721
Car -1 -1 -5.2225 0.0000 182.4507 275.3344 367.0143 1.469934 1.632381 4.194220 -5.743592 1.590247 7.489580 -5.876733 0.97221780
Car -1 -1 -2.8008 241.6767 184.2422 435.0581 250.6001 1.450412 1.600313 3.927417 -6.298225 1.729795 16.888344 -3.157787 0.96596122
Car -1 -1 -3.4337 723.7975 181.4296 851.5838 226.8589 1.503888 1.648729 4.021592 6.088877 1.813842 25.171173 -3.196347 0.93894941
Car -1 -1 -5.2965 161.3542 180.7080 395.1469 281.8858 1.466511 1.629337 4.181942 -5.874796 1.621919 12.519999 -5.735226 0.90582424
Car -1 -1 -6.9482 801.0722 173.2606 1038.9150 265.1981 1.644109 1.695667 4.175344 6.037056 1.652626 14.280313 -6.548202 0.88030344
Car -1 -1 -5.2861 23.1992 178.0617 316.9004 315.5129 1.532711 1.623872 3.666281 -5.971158 1.613272 9.682309 -5.838750 0.87206703
Car -1 -1 -3.4165 705.3929 178.7871 824.5424 220.0456 1.509855 1.660746 4.167465 5.836524 1.744884 27.650932 -3.208523 0.75907224
Car -1 -1 -2.9091 337.8734 170.0672 474.9509 226.5625 1.781889 1.711798 4.046937 -6.644511 1.693691 23.695599 -3.182514 0.62047261
Car -1 -1 -8.1169 756.2953 180.8969 843.2448 235.7450 1.415984 1.551675 3.528751 5.347518 1.668673 20.921881 -7.866639 0.29866472
Car -1 -1 -6.2987 455.0048 181.4914 540.8456 211.1446 1.458371 1.602541 4.294528 -5.826957 1.918534 37.311729 -6.453571 0.26154688
Car -1 -1 -4.4246 337.6680 178.6776 453.6819 249.3200 1.573551 1.783769 3.879383 -5.341896 1.736929 18.336134 -4.708058 0.19479205
Car -1 -1 -6.4958 703.0029 175.7380 803.9499 216.6948 1.673094 1.714739 3.907160 5.963289 1.798265 30.496321 -6.302672 0.16202869
Car -1 -1 -2.7688 164.5992 179.7616 379.0614 265.1489 1.582019 1.621413 3.536930 -6.681711 1.728671 14.433292 -3.202379 0.15700513
Car -1 -1 -2.2458 0.0000 130.5686 124.4455 374.0000 1.819044 1.895364 4.878297 -5.972922 1.640094 4.157188 -3.208566 0.10502370
Pedestrian -1 -1 -8.7679 939.5211 165.1945 963.3151 207.3038 1.822606 0.639592 0.699433 14.948198 1.490782 31.687111 -8.327081 0.38946736
Pedestrian -1 -1 -8.8426 940.6692 165.2151 964.1906 206.4353 1.802955 0.636322 0.710428 15.155394 1.468534 32.028614 -8.400656 0.32502252
Pedestrian -1 -1 -8.7460 940.3932 165.6521 963.4644 205.5099 1.766884 0.628848 0.696711 15.325924 1.447328 32.436092 -8.304618 0.30075490
Pedestrian -1 -1 -5.2814 940.8870 164.9851 962.6542 203.9864 1.758945 0.649224 0.648904 15.539473 1.403762 32.904308 -4.840232 0.24767797
Pedestrian -1 -1 -8.9135 939.8466 164.3988 962.6897 206.7155 1.811909 0.647961 0.665564 14.785151 1.449577 31.353741 -8.472817 0.16605523
Pedestrian -1 -1 -8.4536 940.8725 165.3177 963.3629 203.8092 1.752775 0.668756 0.679935 15.716753 1.409298 33.244759 -8.012005 0.12475770
Pedestrian -1 -1 -3.5843 937.0124 165.2227 959.9315 222.2811 1.834717 0.579254 0.472020 10.967712 1.589031 23.492128 -3.147525 0.11582004
