Car -1 -1 -7.9715 672.7413 174.2702 749.3775 241.7522 1.720852 1.660653 4.094527 2.718603 1.764916 20.545006 -7.839921 0.99902058
Car -1 -1 -7.9488 648.1399 181.2497 692.0866 217.9574 1.492855 1.595864 3.589389 2.567115 1.885647 31.976486 -7.868655 0.93345374
Car -1 -1 -2.8411 357.3628 175.7848 481.5190 226.6085 1.647491 1.656866 3.737282 -6.427534 1.749996 24.401882 -3.098619 0.89926034
Car -1 -1 -6.1022 368.0063 171.7301 496.6054 220.2985 1.779720 1.727224 4.510481 -6.713153 1.738235 27.434832 -6.342191 0.88695234
Car -1 -1 -2.7227 297.9783 184.1140 458.4098 245.6499 1.510931 1.615711 3.704622 -6.115991 1.824185 19.088177 -3.032756 0.81035191
Car -1 -1 -2.9866 417.8476 176.1227 512.9728 211.3220 1.583760 1.670646 4.130095 -6.705633 1.739662 33.557976 -3.183832 0.77268010
Car -1 -1 -7.9148 637.6617 181.1706 667.0615 206.1310 1.409084 1.555010 3.605153 2.495952 1.933767 43.741478 -7.857808 0.44399613
Car -1 -1 -2.5530 404.2878 174.1085 504.4818 216.5904 1.697330 1.670087 3.845115 -6.594320 1.752454 30.397045 -2.766651 0.43556878
Car -1 -1 -2.5655 212.1449 187.4052 404.3325 263.3176 1.457970 1.605422 3.465122 -6.421534 1.790049 15.380637 -2.961022 0.33101609
Pedestrian -1 -1 -5.4039 0.0000 224.9939 158.9155 374.0000 1.276179 0.611864 1.037720 -4.500201 1.740272 6.007568 -6.046794 0.12183574
