Car -1 -1 -7.9790 631.0012 180.4799 689.5755 224.4649 1.414232 1.580077 4.189065 1.688445 1.712162 26.079145 -7.914320 0.99929595
Car -1 -1 -6.8551 815.9349 188.5727 1132.3755 303.3640 1.493122 1.647452 3.944818 5.228283 1.749330 10.723779 -6.401491 0.99423522
Car -1 -1 -3.8584 908.6817 187.7140 1241.0000 342.7821 1.443579 1.644579 4.265765 5.683640 1.627708 7.933923 -3.236732 0.99195075
Car -1 -1 -5.5920 0.0000 150.9841 260.9349 321.6994 1.923749 1.716631 4.022674 -6.866157 1.677003 9.075876 -6.239647 0.96246058
Car -1 -1 -3.0459 258.1886 185.1234 438.8305 242.3774 1.405686 1.633241 4.456012 -7.007601 1.761839 19.625128 -3.388835 0.93974328
Car -1 -1 -7.9095 614.3898 175.7418 644.1384 202.5293 1.524965 1.577552 3.642906 1.083794 1.705422 43.318256 -7.884468 0.91948259
Car -1 -1 -2.2704 0.0000 171.7464 124.7810 374.0000 1.803822 1.671627 3.858691 -7.060916 1.794613 6.760917 -3.077510 0.85928524
Car -1 -1 -6.5571 796.9929 166.5646 1053.6942 278.3708 1.848866 1.704775 3.918158 5.441494 1.744562 13.016198 -6.161110 0.81678045
Car -1 -1 -7.3096 1129.8892 185.8732 1241.0000 374.0000 1.489919 1.574223 3.566061 6.087711 1.607911 5.452552 -6.469243 0.75820142
Cyclist -1 -1 -4.5058 437.1392 170.5892 479.8322 256.7854 1.781886 0.552568 1.854392 -3.352031 1.734768 15.843688 -4.714327 0.97686106
