Car -1 -1 -8.1408 777.8768 176.2057 1034.0146 340.4901 1.547743 1.695364 4.214802 3.268831 1.599445 9.040122 -7.793875 0.99937016
Car -1 -1 -4.1140 0.0000 198.9881 312.3804 361.5173 1.464833 1.656000 4.286182 -5.727749 1.883565 9.386920 -4.661922 0.99930537
Car -1 -1 -4.8911 700.9966 182.4011 786.4821 245.7223 1.449868 1.547973 3.653503 3.344929 1.723885 18.902302 -4.715985 0.99702734
Car -1 -1 -4.5409 485.9809 182.1139 525.9014 210.2981 1.402183 1.524254 3.725562 -5.614639 1.926810 39.018715 -4.683765 0.98841804
Car -1 -1 -4.3402 244.1263 191.8013 401.3911 278.2168 1.460113 1.654072 4.126040 -5.864599 1.912221 15.162763 -4.709291 0.98762971
Car -1 -1 -7.9536 659.9771 179.3101 703.2023 214.5647 1.491472 1.591748 3.798634 3.187779 1.804579 33.124176 -7.857670 0.97786272
Car -1 -1 -8.0152 677.3198 182.0488 739.0288 227.3095 1.411059 1.557612 3.509618 3.280018 1.751936 24.995119 -7.884736 0.95404398
Car -1 -1 -4.4544 402.1996 188.2199 479.3898 232.5553 1.300279 1.633816 3.738161 -5.662582 1.859177 24.365763 -4.682706 0.65098894
Car -1 -1 -8.6748 967.8798 186.2223 1241.0000 374.0000 1.493173 1.552806 3.364363 3.315040 1.588187 3.424466 -7.905649 0.52697611
Car -1 -1 -7.2551 1074.8630 189.3461 1241.0000 374.0000 1.481242 1.596995 4.176958 4.749784 1.579488 3.451603 -6.312710 0.10590008
