Car -1 -1 -1.894756 730.521179 194.927139 963.698181 341.783661 1.469663 1.633233 3.910869 2.811257 1.819929 9.742211 -1.607146 0.999772 
Car -1 -1 -1.768638 706.015381 187.233459 820.738281 274.879181 1.574818 1.647020 3.928639 3.114984 1.932897 15.661446 -1.567693 0.999743 
Car -1 -1 -1.711812 686.320923 190.432144 755.761536 250.976242 1.575169 1.625433 3.342450 3.223602 2.161188 21.733369 -1.560966 0.999628 
Car -1 -1 -2.136320 858.594299 207.438141 1236.969360 374.375000 1.480860 1.602553 3.920419 2.779908 1.771515 4.134527 -1.533303 0.997503 
Car -1 -1 -1.783776 641.848083 189.448639 681.643311 218.299316 1.544027 1.683379 3.678417 3.010273 2.570198 42.730651 -1.711201 0.997058 
Car -1 -1 1.656053 378.710693 199.085266 484.370789 267.048645 1.477747 1.611248 3.724956 -3.405479 1.790486 14.191202 1.425478 0.994181 
Car -1 -1 1.770469 437.109833 198.757660 523.795471 256.116211 1.469673 1.622889 3.957666 -3.657624 2.225475 20.896459 1.600873 0.989898 
Car -1 -1 -0.866528 8.331623 202.471725 311.731110 366.459656 1.477932 1.582610 3.554567 -3.898662 1.772043 5.329936 -1.489623 0.520025 
Car -1 -1 1.378738 276.171997 203.366165 431.029663 355.795319 1.427943 1.477695 3.647929 -2.953120 1.660950 8.203869 1.040733 0.403146 
Car -1 -1 1.383558 599.875610 191.340469 629.089172 211.765762 1.581017 1.710638 3.975923 0.346311 2.982640 56.017819 1.391646 0.116507 
