Car -1 -1 -4.4157 200.9802 199.2762 455.9741 374.0000 1.463776 1.646458 4.081221 -3.092273 1.858759 8.719449 -4.756506 0.99961358
Car -1 -1 -4.5823 482.8706 186.7397 550.5665 245.7128 1.611762 1.599391 3.990572 -2.884236 2.085974 22.658899 -4.708941 0.99467528
Car -1 -1 -6.4163 659.8462 185.0569 772.0413 228.5902 1.596530 1.672714 4.084811 3.969489 2.080750 27.794592 -6.274436 0.99397624
Car -1 -1 -4.1203 0.0000 205.1807 261.8291 374.0000 1.501567 1.595429 3.797559 -5.502540 1.936765 7.804560 -4.734352 0.99302262
Car -1 -1 -4.5141 401.3867 172.9160 527.8021 279.1277 1.965780 1.795498 4.512997 -3.003568 1.967017 15.620878 -4.704031 0.99297887
Car -1 -1 -6.2991 631.5314 182.3742 706.0854 212.8144 1.685922 1.710659 4.193393 3.328808 2.247106 41.567455 -6.219214 0.97738588
Car -1 -1 -4.6242 533.9131 189.7286 572.3575 224.9227 1.504995 1.519209 3.552830 -2.701129 2.349733 34.349060 -4.702719 0.96306199
Car -1 -1 -4.6832 548.6415 173.5621 580.4352 210.5424 2.430715 2.051477 5.734520 -3.145376 2.482762 50.437462 -4.745481 0.93193823
Car -1 -1 -6.3693 649.2025 186.1004 748.3406 221.2259 1.579542 1.664612 4.510388 4.083998 2.220777 34.037617 -6.249866 0.68614763
Pedestrian -1 -1 -7.9732 1200.9126 163.7176 1241.0000 374.0000 1.651520 0.715237 0.785196 3.547446 1.609706 3.806531 -7.223036 0.13827638
Pedestrian -1 -1 -7.8542 1241.0000 145.2623 1241.0000 374.0000 1.690997 0.756388 0.823327 4.049225 1.559696 3.984077 -7.060689 0.11652354
Cyclist -1 -1 -3.6558 1001.6301 192.0306 1241.0000 374.0000 1.546886 0.632708 1.735735 3.900739 1.700022 5.359389 -3.026649 0.86730969
Cyclist -1 -1 -3.6382 1143.7391 162.6124 1241.0000 374.0000 1.678632 0.699359 1.663354 3.867906 1.632680 3.794889 -2.843310 0.26372206
