Car -1 -1 -8.0121 744.4485 179.4863 843.7657 254.3171 1.511153 1.614757 4.003211 4.143228 1.686021 16.996511 -7.772980 0.99940789
Car -1 -1 -4.4943 425.8796 181.6997 526.2017 252.8103 1.519933 1.625982 3.915613 -3.241614 1.763510 17.904861 -4.673454 0.99927431
Car -1 -1 -8.1647 781.9498 182.1048 945.8641 294.1289 1.508387 1.528381 3.203272 3.840565 1.677302 11.589681 -7.844758 0.99819428
Car -1 -1 -8.0126 712.8356 178.7673 783.2313 230.2752 1.509262 1.613962 4.129216 4.385393 1.720304 23.704243 -7.829620 0.99743265
Car -1 -1 -4.5099 485.3121 181.2937 553.0299 232.9214 1.497417 1.496957 3.494269 -2.904129 1.790910 23.316782 -4.633800 0.99301881
Car -1 -1 -4.1594 0.0000 197.3019 353.0056 374.0000 1.480979 1.618214 3.894946 -3.673689 1.747913 5.938669 -4.713367 0.99249470
Car -1 -1 -4.2781 657.6728 176.3056 706.3531 201.3717 1.569510 1.628987 4.145979 4.802318 1.809263 47.983372 -4.178391 0.99105525
Car -1 -1 -4.3780 570.4750 177.7175 619.1092 211.4473 1.646388 1.506543 3.386501 -0.785114 1.911910 37.593533 -4.398877 0.98698413
Car -1 -1 -4.5854 521.7131 177.4306 573.0170 222.4380 1.755085 1.653240 4.221222 -2.635992 1.963200 30.715506 -4.671039 0.98205823
Car -1 -1 -7.8380 709.5933 179.3118 750.8124 219.0408 1.573512 1.654629 3.683224 5.173635 1.869772 31.174736 -7.673569 0.88772190
Pedestrian -1 -1 -5.1261 830.8862 157.3786 877.2550 238.7344 1.907113 0.728671 0.973745 5.830575 1.544044 17.431963 -4.803273 0.85228091
