Pedestrian -1 -1 -8.1913 955.9811 146.9550 1070.3381 350.7537 1.683213 0.609734 0.920621 3.565911 1.406592 6.345927 -7.679400 0.92486054
Pedestrian -1 -1 -4.8694 725.9844 148.3490 759.8189 225.5253 1.872589 0.689603 0.915815 3.384438 1.092813 17.624643 -4.679643 0.86959577
Pedestrian -1 -1 -3.8167 695.8339 155.8498 734.7014 216.7665 1.873555 0.624647 1.050316 3.438437 1.115698 22.278622 -3.663615 0.69437855
Pedestrian -1 -1 -3.2335 715.1051 149.2220 755.9316 212.9337 1.866939 0.604102 1.143800 3.841945 0.950698 21.069996 -3.053177 0.49160787
Pedestrian -1 -1 -7.2956 757.5775 153.0861 782.9206 204.7263 1.843631 0.602437 0.730436 5.979236 0.865167 25.713854 -7.067095 0.49150753
Pedestrian -1 -1 -4.1469 1167.5068 116.6311 1223.0000 293.5336 1.832843 0.502325 0.681231 6.554780 1.171533 7.665629 -3.439463 0.47550899
Pedestrian -1 -1 -3.5831 718.6281 148.5999 761.0589 211.6944 1.875160 0.600486 1.113828 4.048363 0.927386 21.444391 -3.396552 0.34339797
Pedestrian -1 -1 -3.6331 705.0121 149.4113 748.0482 213.6083 1.923410 0.617322 1.142860 3.682699 0.992250 21.658060 -3.464702 0.14078347
Pedestrian -1 -1 -8.0176 759.7791 153.0586 781.0915 203.5543 1.845858 0.665170 0.683034 6.096111 0.842992 26.208410 -7.789101 0.11506487
Cyclist -1 -1 -8.2630 881.5309 140.5295 964.0120 265.6982 1.744696 0.460321 1.778914 4.726938 1.187954 10.746084 -7.848555 0.84467179
Cyclist -1 -1 -7.2214 602.6389 163.0908 652.3703 223.5485 1.824561 0.629705 1.788776 0.689898 1.299455 22.236670 -7.190374 0.77319121
Cyclist -1 -1 -3.3081 750.1149 152.3969 799.1359 203.2343 1.829695 0.542144 1.669665 6.140821 0.818484 25.774147 -3.074246 0.28312039
