Car -1 -1 -7.1445 1195.4265 184.3936 1241.0000 353.8460 1.537375 1.671326 4.058562 8.732353 1.670330 7.496065 -6.283031 0.12356962
Pedestrian -1 -1 -4.9824 724.8914 167.0023 764.1075 241.5777 1.870929 0.746248 1.026785 3.412019 1.723824 18.646303 -4.801414 0.98429340
Pedestrian -1 -1 -4.5961 413.1356 171.7204 457.6824 268.2660 1.703611 0.699358 0.866717 -3.234784 1.683307 13.205275 -4.836359 0.97609568
Pedestrian -1 -1 -4.7170 457.8175 179.2533 486.1911 247.2276 1.619828 0.670354 0.882746 -3.455353 1.781695 17.786386 -4.908889 0.95655262
Pedestrian -1 -1 -4.8447 707.4510 165.9685 739.3184 242.2244 1.910906 0.670723 1.092852 2.865234 1.738061 18.634195 -4.692170 0.93323928
Pedestrian -1 -1 -4.4608 329.0275 163.5886 389.0822 296.1621 1.787285 0.649312 0.668391 -3.549664 1.662073 10.088448 -4.799128 0.90543109
Pedestrian -1 -1 -4.0373 1167.9290 166.8540 1241.0000 373.8398 1.626936 0.647800 0.739302 5.241940 1.579475 6.056934 -3.323901 0.33115944
Pedestrian -1 -1 -7.9311 358.1678 167.1021 397.0474 268.8497 1.731985 0.606756 0.539363 -4.131547 1.633775 12.647563 -8.246831 0.28509995
Pedestrian -1 -1 -4.5070 1241.0000 152.4064 1241.0000 374.0000 1.699658 0.736394 0.838172 5.676742 1.548930 5.848002 -3.736493 0.16077495
Cyclist -1 -1 -3.7171 1139.7878 155.3866 1241.0000 374.0000 1.744335 0.714406 1.824233 5.566326 1.610790 6.011621 -2.970156 0.29457560
