Car -1 -1 -7.8697 592.9795 175.0611 644.3318 224.0513 1.564797 1.652291 3.558617 0.218283 1.646406 24.992523 -7.860950 0.99987173
Car -1 -1 -4.1692 26.9126 201.1366 290.4789 315.6590 1.334568 1.647824 4.014946 -6.827288 1.860423 11.412312 -4.708319 0.99903548
Car -1 -1 -4.3766 351.2285 176.5907 418.6036 214.4485 1.705698 1.743644 4.531553 -10.934810 1.899873 35.257114 -4.677371 0.99866819
Car -1 -1 -7.5395 864.7731 166.0794 1158.2957 346.5547 1.512638 1.649930 4.049711 4.560163 1.455557 8.021434 -7.022525 0.99620724
Car -1 -1 -4.4273 397.2827 178.8512 446.2700 208.7526 1.604516 1.637537 4.140919 -10.833055 1.967832 41.652729 -4.681702 0.98935974
Car -1 -1 -7.2620 665.1774 161.7327 769.0074 212.1772 1.892278 1.883397 4.705185 4.404350 1.474794 29.438267 -7.113535 0.98439819
Car -1 -1 -7.2638 715.8203 173.3736 856.5796 236.4144 1.439510 1.610113 3.861003 4.512273 1.453830 18.403669 -7.023360 0.95974916
Car -1 -1 -4.4750 432.4603 181.1936 469.9308 203.3277 1.381327 1.563649 4.019759 -10.673161 1.965952 48.581619 -4.691295 0.93595564
Car -1 -1 -7.3193 725.9793 173.5811 898.2630 254.0850 1.424981 1.594337 3.950305 4.171074 1.441495 14.745744 -7.043644 0.93032539
Car -1 -1 -4.7353 59.8724 180.9259 98.3311 210.7684 1.453916 1.548086 3.685249 -28.119860 1.901773 38.128895 -5.370705 0.93008441
Car -1 -1 -7.2493 709.8359 169.2329 823.3480 226.5216 1.634776 1.657377 3.673847 4.874884 1.531146 22.449896 -7.035511 0.90606785
Car -1 -1 -7.1692 655.2629 174.1323 733.3251 204.7962 1.459502 1.636392 4.209172 4.279412 1.527620 36.565918 -7.052649 0.87774748
Car -1 -1 -4.3394 336.5753 179.6208 379.6849 206.0196 1.469803 1.331103 3.200635 -14.870000 1.884527 42.629658 -4.675004 0.69132018
Car -1 -1 -7.1452 646.8868 174.4140 696.1650 194.9548 1.486362 1.650739 3.764585 4.635595 1.607826 54.409863 -7.060214 0.45624876
Car -1 -1 -4.5964 519.3926 165.4541 552.5840 195.6522 2.464426 2.145840 6.070150 -6.307756 1.860227 61.933865 -4.697941 0.21836612
Car -1 -1 -7.1386 647.6432 175.4510 694.2727 194.7196 1.457344 1.654080 3.690053 4.806988 1.668810 56.957645 -7.054444 0.21752760
Car -1 -1 -7.1559 647.9358 175.3103 696.1075 195.3232 1.479453 1.684720 3.762024 4.787739 1.675466 55.739613 -7.070220 0.20383073
