Pedestrian -1 -1 -8.0208 651.9257 156.0604 683.2247 235.3411 1.784883 0.587280 0.833834 1.483088 1.212704 16.610678 -7.931728 0.83654374
Pedestrian -1 -1 -8.0525 680.4088 158.0921 714.9566 237.3056 1.788829 0.619048 0.944418 2.191010 1.260777 16.713915 -7.922147 0.58781338
Pedestrian -1 -1 -7.1456 446.0896 173.4396 482.3716 243.9256 1.521092 0.520957 0.604853 -3.071121 1.347713 15.893392 -7.336488 0.25867915
Pedestrian -1 -1 -4.6713 604.8674 166.1091 619.7696 205.0485 1.763487 0.655975 0.680682 0.487585 1.066742 32.890114 -4.656461 0.15149312
Pedestrian -1 -1 -4.7552 893.5239 151.9075 1015.6627 373.0000 1.713970 0.633760 0.636296 2.096473 1.548896 4.441630 -4.314237 0.14210901
Pedestrian -1 -1 -8.2854 981.8801 158.6753 1237.0000 373.0000 1.642419 0.712091 0.720041 2.167863 1.553583 3.232342 -7.694664 0.11905673
Pedestrian -1 -1 -6.2816 604.0859 164.3280 622.3696 205.4684 1.834324 0.577667 0.815264 0.515595 1.068961 32.324253 -6.265604 0.10286646
Pedestrian -1 -1 -5.6961 0.0000 143.7774 90.1437 373.0000 1.739445 0.686885 0.732197 -3.940857 1.517673 4.621956 -6.402094 0.10197917
Cyclist -1 -1 -4.6932 606.8401 161.7956 620.5113 204.9241 1.780667 0.550806 1.751840 0.511227 0.967446 30.543486 -4.676500 0.85307676
Cyclist -1 -1 -4.8518 679.6326 160.0549 718.8759 240.5045 1.769945 0.656347 1.760965 2.210693 1.298698 16.686855 -4.720131 0.18203484
Cyclist -1 -1 -3.6253 924.6191 175.2660 1237.0000 373.0000 1.731025 0.668051 1.755821 2.491285 1.706457 3.382883 -2.990565 0.11522811
