Car -1 -1 -4.5637 453.8770 161.4515 554.0359 244.2150 1.776198 1.762919 4.555333 -2.505436 1.531187 17.770231 -4.703732 0.99838650
Car -1 -1 -4.3707 367.8450 179.3899 522.6533 271.5426 1.431588 1.612806 3.795509 -2.939757 1.571327 13.475124 -4.585474 0.99737871
Car -1 -1 -4.6289 535.2903 168.6771 594.1727 215.9946 1.598442 1.787509 4.692655 -1.628612 1.457042 26.740389 -4.689758 0.99065328
Car -1 -1 -7.9626 730.7676 169.3814 788.0604 214.9465 1.490096 1.614255 3.170926 5.116061 1.376234 25.248619 -7.762688 0.89668250
Pedestrian -1 -1 -5.0449 1133.5652 152.0871 1241.0000 374.0000 1.692952 0.684758 0.657399 2.927516 1.606839 3.413095 -4.335954 0.32039699
Pedestrian -1 -1 -4.6476 1151.1307 156.3806 1241.0000 374.0000 1.675689 0.671393 0.608958 3.239720 1.599438 3.779029 -3.938890 0.16089109
Pedestrian -1 -1 -4.7783 1241.0000 129.3389 1241.0000 374.0000 1.763760 0.769714 0.793142 3.475853 1.591094 3.410198 -3.983364 0.15843816
Pedestrian -1 -1 -7.8574 1144.3718 139.1178 1241.0000 374.0000 1.720884 0.669525 0.780117 2.625919 1.603557 3.016951 -7.141162 0.15054166
Pedestrian -1 -1 -8.0846 1218.1584 130.2290 1241.0000 374.0000 1.747286 0.760993 0.880943 3.070349 1.601735 3.034115 -7.293294 0.13339384
Cyclist -1 -1 -3.6764 1044.1754 146.2008 1241.0000 374.0000 1.738698 0.796688 1.855987 3.162611 1.634381 3.402336 -2.927452 0.24767290
Cyclist -1 -1 -5.6628 1081.5422 114.7959 1241.0000 374.0000 1.835747 0.645108 1.899325 2.915421 1.678597 2.939708 -4.881508 0.19786820
Cyclist -1 -1 -5.5049 1073.6703 89.0051 1241.0000 374.0000 1.780288 0.629906 1.856062 2.540219 1.585705 2.605971 -4.732320 0.13076341
