Car -1 -1 -8.0974 729.9431 174.1376 874.7327 281.8705 1.651496 1.604489 3.732220 3.216391 1.677593 12.971761 -7.854394 0.99928218
Car -1 -1 -8.2174 793.3332 180.1517 1077.4376 363.9747 1.540821 1.603023 3.482008 3.178746 1.638593 7.941941 -7.836652 0.99921763
Car -1 -1 -7.9922 677.8845 182.1629 736.5753 225.0279 1.396236 1.596678 3.701914 3.404984 1.757505 26.167463 -7.862815 0.99839550
Car -1 -1 -2.6676 24.2547 185.0086 355.4131 284.8497 1.429315 1.658862 4.270602 -6.525624 1.637815 11.474359 -3.184722 0.99787760
Car -1 -1 -2.8780 243.8444 183.4883 425.5464 251.8735 1.455874 1.588071 3.622539 -6.274719 1.714881 16.627752 -3.238874 0.98234326
Car -1 -1 -4.9616 427.7491 178.4890 508.8302 226.1192 1.479596 1.733190 4.432205 -5.116168 1.695787 25.348122 -5.160788 0.91458458
Car -1 -1 -7.8903 644.7784 162.6960 677.4846 199.1121 2.525553 2.166326 6.153275 3.666318 1.820770 53.150894 -7.821385 0.68621188
Car -1 -1 -4.7877 402.0334 182.6756 476.5655 239.4062 1.360357 1.704358 4.250654 -4.961430 1.668536 20.377621 -5.026575 0.54742640
Car -1 -1 -4.5485 471.5580 175.3145 518.5252 216.4317 1.708074 1.539468 3.219219 -5.054059 1.821653 31.781313 -4.706210 0.23215711
Car -1 -1 -6.5093 754.2904 178.9462 1053.9326 282.6653 1.494275 1.642447 4.197134 4.456226 1.601513 11.630678 -6.143381 0.13118485
