Car -1 -1 -7.7035 397.2490 181.2745 479.3337 241.1098 1.466393 1.614861 3.811806 -4.551560 1.369962 19.580050 -7.931866 0.99940193
Car -1 -1 -7.4410 127.5682 185.1877 385.0565 318.8676 1.508919 1.665854 4.205452 -4.677492 1.508760 10.229817 -7.869862 0.99936384
Car -1 -1 -7.8348 573.8283 175.9328 608.8066 209.1236 1.492289 1.572684 3.553561 -0.783720 1.075078 34.100224 -7.857822 0.98787761
Car -1 -1 -7.5924 332.5966 179.5003 401.5003 220.7985 1.441183 1.588281 3.510118 -8.958379 1.241890 26.885498 -7.914055 0.94958538
Car -1 -1 -3.9906 0.0000 191.7747 104.7261 360.8591 1.474064 1.629416 4.041108 -8.152188 1.570346 8.480665 -4.756274 0.94771999
Car -1 -1 -7.2680 52.8918 170.6154 221.4757 244.0008 1.675775 1.748924 3.854564 -11.838766 1.342530 18.353821 -7.840889 0.68141299
Car -1 -1 -2.3742 0.0000 188.6689 99.4754 315.7342 1.530980 1.634956 4.471355 -9.655211 1.581298 9.575239 -3.163745 0.45205835
Car -1 -1 -7.7102 434.0644 177.8795 493.6064 221.5503 1.529506 1.692470 3.621346 -5.376747 1.272723 27.029497 -7.906536 0.21855624
Car -1 -1 -4.5327 453.5211 167.6831 502.6483 212.6293 2.958241 2.248978 6.645364 -9.044613 1.804448 50.639156 -4.709467 0.20458256
Car -1 -1 -7.7038 488.7965 162.8442 543.7742 211.0615 2.369568 2.093095 5.442556 -4.775021 1.270310 38.074112 -7.828598 0.11354534
