Car -1 -1 -8.1451 648.2419 177.2003 724.8083 224.9087 1.472483 1.586045 3.679896 2.472236 1.632052 24.583244 -8.044849 0.99678349
Car -1 -1 -3.2634 824.8614 176.8464 1029.3280 250.7617 1.541887 1.671608 4.110457 7.035878 1.640858 16.570278 -2.861842 0.98880225
Car -1 -1 -7.9934 586.6565 177.1114 624.1071 205.6096 1.448655 1.570366 3.299245 -0.327010 1.688473 38.947392 -8.001772 0.94457680
Car -1 -1 -8.5982 960.2512 185.9752 1241.0000 374.0000 1.508841 1.483902 3.147722 2.975628 1.594979 3.172674 -7.844859 0.17225635
Car -1 -1 -4.0274 1157.7902 150.0227 1241.0000 369.6597 1.754268 1.794441 4.733410 8.053191 1.571611 6.677444 -3.148876 0.10144369
Pedestrian -1 -1 -5.3294 1154.9026 153.1003 1241.0000 319.0396 1.725043 0.678592 0.556865 6.381480 1.519391 7.801874 -4.643786 0.37198952
Pedestrian -1 -1 -7.8197 715.4106 169.7217 727.9072 203.0744 1.636056 0.594235 0.527180 5.487243 1.482108 35.707851 -7.667243 0.33840495
Pedestrian -1 -1 -6.5030 713.7453 170.4680 728.5084 203.0405 1.615608 0.546370 0.624793 5.514492 1.496963 36.082417 -6.351351 0.25061837
Pedestrian -1 -1 -7.1199 462.0451 171.8232 483.2458 209.8309 1.831837 0.662741 0.786275 -6.754906 1.781857 35.283539 -7.309045 0.24635221
Pedestrian -1 -1 -7.7073 715.6768 167.5772 729.4456 202.2102 1.678389 0.594538 0.535786 5.469589 1.422363 35.311066 -7.553640 0.19873504
Pedestrian -1 -1 -4.5894 1170.2386 155.5072 1241.0000 319.5526 1.723324 0.663728 0.566773 6.636895 1.540793 8.015738 -3.897845 0.13002780
Pedestrian -1 -1 -4.0585 463.9828 172.7409 484.9478 210.6364 1.791498 0.688830 0.725634 -6.535930 1.785851 34.589478 -4.245256 0.10225353
Cyclist -1 -1 -5.0417 460.7276 172.5925 485.2164 210.8122 1.815954 0.608569 1.842746 -6.742972 1.803227 35.233860 -5.230836 0.19161002
Cyclist -1 -1 -3.6959 1118.1370 160.6984 1241.0000 329.4908 1.706427 0.715094 1.766192 6.582143 1.583239 7.778292 -2.993640 0.15337726
Cyclist -1 -1 -5.4337 1140.2689 151.5184 1241.0000 350.6997 1.857808 0.553903 1.750007 6.466622 1.658506 7.609518 -4.729355 0.12402382
Cyclist -1 -1 -8.5759 1015.8616 105.7697 1241.0000 374.0000 1.770020 0.573938 1.800684 2.684575 1.538647 3.399743 -7.907485 0.10237353
