Car -1 -1 -7.6562 367.8083 180.0736 464.9761 245.5618 1.470469 1.619107 3.916837 -4.743430 1.355166 18.143160 -7.911900 0.99943644
Car -1 -1 -7.7074 457.5493 178.7895 513.0922 220.0748 1.479458 1.588532 3.622546 -4.669649 1.249332 27.587770 -7.875040 0.99577552
Car -1 -1 -7.3560 80.7274 184.0515 371.1408 344.4747 1.539553 1.617836 3.336748 -4.290211 1.528538 8.594347 -7.819042 0.99571782
Car -1 -1 -7.8234 574.3897 175.1293 608.6595 206.9085 1.511530 1.606852 3.818278 -0.804773 1.031942 36.107002 -7.845708 0.99299228
Car -1 -1 -7.0963 0.0000 153.7417 105.1005 275.9646 1.937484 1.842023 4.395182 -12.081655 1.438714 13.621356 -7.821889 0.97322899
Car -1 -1 -7.5075 318.5605 179.9330 401.5559 224.8332 1.439613 1.610638 3.506704 -8.493752 1.270393 24.814802 -7.837328 0.88621843
Car -1 -1 -7.4643 169.8465 177.0384 306.8006 252.8169 1.568722 1.613752 3.476860 -8.450111 1.399598 16.678200 -7.933235 0.70220757
Car -1 -1 -4.0163 213.9935 183.2092 328.7494 226.7388 1.468937 1.630057 3.996521 -12.258598 1.401386 26.399336 -4.450992 0.48602068
Car -1 -1 -4.1083 70.9160 162.1287 161.0313 198.7277 1.956882 1.893920 4.680262 -27.784376 0.722618 40.781727 -4.706378 0.30915517
Car -1 -1 -2.3714 0.0000 157.5031 72.0106 261.9489 1.900885 1.867215 4.927615 -13.663368 1.396681 14.022122 -3.143841 0.14689977
