Car -1 -1 -8.1384 723.4641 183.4529 916.0316 311.6222 1.458900 1.593858 3.767250 2.729050 1.639858 10.433795 -7.882578 0.99962187
Car -1 -1 -8.0187 674.5255 172.7954 756.7696 240.3544 1.659801 1.598045 3.691109 2.714739 1.658062 19.593338 -7.881000 0.99934894
Car -1 -1 -8.4151 836.0107 162.3851 1241.0000 374.0000 1.660743 1.651103 3.845261 2.750345 1.624566 4.397085 -7.856117 0.99088645
Car -1 -1 -2.4584 0.0000 192.4371 194.3765 368.1074 1.501358 1.608524 3.653735 -6.539168 1.722397 7.260627 -3.191608 0.92413324
Car -1 -1 -2.7333 324.0296 162.5478 465.2504 225.5942 1.960515 1.736620 4.059735 -7.012952 1.639729 23.539797 -3.022877 0.88756412
Car -1 -1 -5.8415 308.5489 177.4961 471.3987 234.9781 1.501401 1.637920 4.032967 -6.129510 1.637700 20.128304 -6.137075 0.76032060
Car -1 -1 -5.7942 279.5581 179.1435 459.0788 243.1047 1.500074 1.609764 4.029550 -6.089383 1.668901 18.273287 -6.115915 0.72224420
Car -1 -1 -7.9517 649.4675 175.5014 689.3570 208.8467 1.460453 1.533028 3.152159 2.668887 1.588693 33.443863 -7.872064 0.64507133
Car -1 -1 -3.0595 448.4129 169.9462 529.3193 205.1519 1.771717 1.699778 4.002226 -6.248815 1.625082 37.325462 -3.225355 0.52121019
Car -1 -1 -2.9293 409.6841 174.8606 513.9615 211.5943 1.465761 1.596637 3.957431 -6.086805 1.550328 29.698681 -3.131473 0.40211594
Car -1 -1 -6.3062 647.1505 173.9380 750.1912 211.9643 1.644231 1.679472 4.462384 3.890738 1.694050 32.310123 -6.186390 0.31154892
Car -1 -1 -6.4169 878.2155 187.2121 1241.0000 322.8593 1.438042 1.607198 4.056175 5.682579 1.657619 9.512097 -5.878394 0.25691646
Car -1 -1 -3.0707 431.8560 175.8690 518.0211 209.8794 1.500802 1.624662 3.773259 -6.165967 1.642837 33.041718 -3.255150 0.21180806
Car -1 -1 -2.2226 0.0000 179.5556 45.9755 374.0000 1.568423 1.678750 4.061617 -6.480467 1.620480 4.760952 -3.159792 0.20723900
Car -1 -1 -5.5034 1150.9783 194.6861 1241.0000 374.0000 1.498033 1.520891 3.971263 6.529459 1.736658 5.877194 -4.665479 0.18622607
Car -1 -1 -3.1440 392.7638 175.2422 498.7138 215.4483 1.471337 1.572769 3.863649 -6.333088 1.566854 27.747837 -3.368372 0.10447536
