Pedestrian -1 -1 -8.6087 846.9263 164.5644 871.6163 221.9127 1.661550 0.528520 0.439517 7.278128 1.421077 21.214161 -8.278242 0.35677022
Pedestrian -1 -1 -5.2070 848.0375 163.1844 875.0873 221.9504 1.680220 0.560477 0.520322 7.244466 1.403450 20.931797 -4.873774 0.23231514
Pedestrian -1 -1 -5.5551 851.2293 166.7151 871.7180 220.3260 1.591555 0.480814 0.350833 7.510337 1.409010 21.690775 -5.221816 0.19855261
Pedestrian -1 -1 -7.3593 847.0750 165.7959 869.9502 222.6008 1.664530 0.525149 0.381975 7.343058 1.457409 21.465364 -7.029653 0.19824077
Pedestrian -1 -1 -5.6943 851.2911 167.7436 870.3460 221.5135 1.612205 0.479688 0.337459 7.568877 1.458678 21.913570 -5.361707 0.18291676
Pedestrian -1 -1 -3.4128 830.5856 161.8798 864.0300 228.8910 1.779678 0.619023 0.716978 6.351473 1.487926 19.487478 -3.097726 0.15772139
Pedestrian -1 -1 -4.9251 838.6506 164.1449 862.2527 224.1007 1.729574 0.558350 0.510396 6.976968 1.478038 21.098007 -4.605765 0.14505050
Pedestrian -1 -1 -5.2309 870.2509 163.4511 892.1032 218.6469 1.641514 0.489943 0.381143 8.099048 1.361574 21.685818 -4.873504 0.12805954
Pedestrian -1 -1 -3.6786 826.5425 163.1554 859.7939 227.1894 1.767156 0.581158 0.687918 6.496745 1.499201 20.272879 -3.368496 0.12683634
Pedestrian -1 -1 -3.8149 863.1503 165.8356 882.3484 221.9210 1.666766 0.415986 0.361627 7.850553 1.457889 21.697868 -3.467747 0.10929938
Pedestrian -1 -1 -4.3228 840.6045 163.4421 868.7623 224.7411 1.723274 0.573109 0.621110 6.973312 1.458381 20.706678 -3.997941 0.10834707
Pedestrian -1 -1 -4.8633 822.9899 165.0562 847.3779 224.9846 1.726176 0.601479 0.564886 6.532562 1.501269 21.107178 -4.563112 0.10070049
Cyclist -1 -1 -8.1599 816.6942 158.0751 859.9801 235.5207 1.847245 0.515094 1.783713 5.651001 1.494437 18.102943 -7.857295 0.89293301
