Car -1 -1 -4.6183 561.9774 168.4145 594.8328 192.9294 1.457181 1.664731 4.197970 -1.387710 0.679473 44.845722 -4.649283 0.97140223
Pedestrian -1 -1 -5.0562 466.3250 160.4882 531.9472 298.3550 1.817496 0.634839 0.901687 -1.485233 1.541165 10.017049 -5.203367 0.91073352
Pedestrian -1 -1 -8.0060 610.3088 157.1192 641.4517 238.4554 1.814223 0.594694 0.807879 0.514217 1.270959 16.459450 -7.974723 0.87737316
Pedestrian -1 -1 -5.0869 429.1319 159.9554 497.8885 304.2691 1.824741 0.595543 0.950279 -1.910982 1.552999 9.643526 -5.282487 0.75746906
Pedestrian -1 -1 -5.3152 1085.2666 90.0095 1237.0000 373.0000 1.923674 0.692451 0.999220 4.123826 1.326390 5.216819 -4.646325 0.75061572
Pedestrian -1 -1 -4.8443 662.2051 155.4897 691.4622 235.4697 1.777598 0.569712 0.714867 1.668894 1.200062 16.331190 -4.742437 0.53884494
Pedestrian -1 -1 -4.4334 688.6900 157.5281 716.9052 225.5917 1.731767 0.565053 0.673288 2.607659 1.122359 18.699146 -4.294822 0.52536011
Pedestrian -1 -1 -5.2298 249.4007 189.0212 368.4040 373.0000 1.493438 0.554914 0.890666 -2.518058 1.562567 6.041949 -5.624692 0.50370294
Pedestrian -1 -1 -4.8076 722.3091 153.2499 748.2446 220.1299 1.869877 0.657586 0.735554 3.776375 1.080530 20.478720 -4.625196 0.42559099
Pedestrian -1 -1 -3.4295 651.6066 158.0863 692.5934 234.9666 1.828723 0.526788 0.875007 1.672968 1.272328 17.428885 -3.333802 0.23600094
Pedestrian -1 -1 -3.1118 653.4684 159.3527 690.8456 234.2342 1.825927 0.508487 0.909688 1.724045 1.286413 17.825539 -3.015351 0.16084601
Pedestrian -1 -1 -4.1664 654.2011 155.4754 692.3325 235.1875 1.809918 0.590830 0.736631 1.643775 1.219564 16.782192 -4.068799 0.15234248
Pedestrian -1 -1 -3.7171 684.3317 158.7482 717.9083 227.1310 1.790473 0.520096 0.721665 2.628107 1.195269 19.197086 -3.581077 0.12938109
Pedestrian -1 -1 -5.0704 160.6344 206.1023 298.2479 373.0000 1.367145 0.562429 1.097653 -2.869517 1.572776 5.408341 -5.558210 0.11823155
Pedestrian -1 -1 -5.0784 198.6426 199.9887 323.9702 373.0000 1.410728 0.532830 1.147628 -2.825569 1.576295 5.818064 -5.530481 0.11524349
