Car -1 -1 -4.3832 292.3603 194.4432 434.5141 277.9719 1.504492 1.699350 4.333007 -5.407394 2.056760 16.293680 -4.703637 0.99911577
Car -1 -1 -4.4981 479.4608 186.6718 527.6186 219.4388 1.434691 1.576523 3.637461 -5.151494 2.141134 35.036304 -4.644112 0.95015687
Car -1 -1 -7.8286 641.9848 182.1365 674.2352 212.5143 1.356509 1.480364 3.418576 2.334240 1.830170 35.071579 -7.762182 0.63580328
Pedestrian -1 -1 -7.8206 203.9580 174.5456 292.3969 374.0000 1.617933 0.606377 0.634329 -2.958713 1.632248 5.818295 -8.291008 0.58882475
Pedestrian -1 -1 -7.9141 72.7195 169.0441 176.3194 374.0000 1.657086 0.572019 0.701682 -3.562528 1.631738 5.196257 -8.515059 0.58090132
Pedestrian -1 -1 -7.5389 219.3533 186.3845 307.7210 364.6035 1.481644 0.568489 0.521261 -3.084826 1.605824 6.340899 -7.991713 0.14515872
Pedestrian -1 -1 -4.0673 0.0000 99.9559 253.6235 374.0000 1.759682 0.644136 0.694180 -1.920896 1.517281 2.754809 -4.676200 0.10092770
Cyclist -1 -1 -4.5763 463.8626 177.9893 495.2114 247.8338 1.759623 0.568354 1.966048 -3.521859 1.903896 19.318890 -4.756610 0.96878952
Cyclist -1 -1 -7.8618 717.0026 166.8998 740.3065 225.2077 1.844801 0.729279 1.908363 3.859328 1.656116 23.827244 -7.701227 0.28485119
Cyclist -1 -1 -3.7355 118.8413 173.3799 355.0428 374.0000 1.682112 0.564024 1.637314 -2.940404 1.686630 5.757322 -4.207657 0.15117532
