Pedestrian -1 -1 -8.0665 761.6351 151.1312 847.4520 364.6659 1.673730 0.542025 0.723819 1.622506 1.436425 6.005810 -7.802607 0.91512972
Pedestrian -1 -1 -3.4712 624.2813 165.2307 682.0090 258.8635 1.823338 0.688282 0.986743 0.990909 1.507113 14.448186 -3.402686 0.87611872
Pedestrian -1 -1 -5.2019 853.7646 153.9360 959.9594 362.6281 1.632770 0.532137 0.728737 2.476840 1.417848 6.008911 -4.810947 0.76211846
Pedestrian -1 -1 -6.9972 1097.4657 152.1773 1180.1915 268.4384 1.730423 0.501670 0.904833 8.152637 1.294633 10.975737 -6.358317 0.71842825
Pedestrian -1 -1 -5.1376 896.5141 154.4274 946.0872 246.2670 1.850408 0.667396 0.793385 6.568876 1.305524 14.872987 -4.721694 0.68527240
Pedestrian -1 -1 -4.0711 175.3649 174.2108 277.7581 357.4423 1.643733 0.574131 0.674470 -3.591593 1.579062 6.821928 -4.555741 0.66664970
Pedestrian -1 -1 -8.0165 721.8589 168.1476 752.3547 245.6688 1.722958 0.572186 0.702165 3.037078 1.426750 16.322599 -7.832549 0.58860648
Pedestrian -1 -1 -4.1821 235.6075 179.9063 291.2097 296.2685 1.640655 0.535831 0.530773 -4.938910 1.618842 10.415997 -4.624871 0.19327351
Pedestrian -1 -1 -6.6742 1118.2185 152.8008 1188.1720 256.9632 1.724484 0.466612 0.827617 9.329594 1.249974 12.224710 -6.022305 0.15367049
Cyclist -1 -1 -3.4348 1066.9098 149.6762 1218.9331 265.9835 1.693128 0.608778 1.763748 8.216328 1.230508 11.042857 -2.795094 0.26454669
