Car -1 -1 -8.0368 690.4725 182.7632 800.6608 262.2504 1.461932 1.628475 3.922502 2.753798 1.704704 15.730381 -7.863521 0.99976891
Car -1 -1 -7.9506 657.4581 173.8617 713.8120 222.6765 1.640103 1.648560 3.971811 2.634523 1.679330 26.313206 -7.850771 0.99806553
Car -1 -1 -5.8422 127.5797 178.0022 397.7502 258.9911 1.474466 1.670305 4.468857 -6.675146 1.580622 14.081573 -6.284812 0.99760783
Car -1 -1 -5.7739 357.4335 178.9022 491.6872 226.0366 1.463602 1.629606 4.052156 -6.200995 1.675753 24.042015 -6.026362 0.96763825
Car -1 -1 -8.5210 901.3693 181.9148 1241.0000 374.0000 1.524492 1.609760 3.620068 2.898051 1.591933 3.572925 -7.839487 0.90638697
Car -1 -1 -2.3431 0.0000 155.3124 184.7472 374.0000 1.837700 1.690996 3.817839 -6.214520 1.704153 6.375533 -3.115689 0.84105891
Car -1 -1 -2.8415 387.5654 176.8330 499.0074 222.1105 1.586036 1.627394 3.653677 -6.090357 1.736460 26.386322 -3.068314 0.82416719
Car -1 -1 -2.6578 0.0000 174.2489 238.0843 315.0909 1.579261 1.667771 3.670214 -7.072145 1.599018 9.244147 -3.310881 0.54095966
Car -1 -1 -4.3756 313.6071 179.2496 380.1596 219.6804 1.594950 1.488376 3.879788 -11.268312 1.886955 31.028681 -4.723960 0.18082541
Car -1 -1 -7.9612 648.8173 178.7893 696.4084 215.6593 1.454079 1.602258 4.125649 2.597627 1.727612 31.207689 -7.878114 0.10414202
