Car -1 -1 -7.5340 117.3751 194.8601 433.3416 374.0000 1.479626 1.673752 4.317709 -3.198337 1.785144 7.816165 -7.922425 0.99936670
Car -1 -1 -8.1911 749.7834 188.7471 1040.6992 374.0000 1.460038 1.597851 3.941390 2.679404 1.677859 7.923174 -7.864965 0.99920517
Car -1 -1 -7.7281 468.0512 185.2125 542.2574 245.1519 1.470384 1.605803 3.801510 -2.915989 1.852312 20.402578 -7.870038 0.99897397
Car -1 -1 -7.9432 635.2222 178.7534 667.3831 206.7657 1.472071 1.492643 3.379174 2.235324 1.815716 40.353149 -7.887844 0.97585005
Car -1 -1 -8.1562 704.9981 189.5187 850.0209 288.4201 1.428468 1.516757 3.371095 2.745461 1.763161 12.757225 -7.944236 0.93662190
Car -1 -1 -4.6323 520.9766 182.5872 564.6954 217.9696 1.392031 1.586602 3.977656 -2.913143 1.843400 31.484766 -4.724551 0.83578950
Car -1 -1 -8.0288 677.8351 186.3290 766.4204 250.6373 1.341767 1.525223 3.407870 2.565371 1.700573 17.503296 -7.883299 0.65056908
Car -1 -1 -4.7184 563.0694 178.1190 581.8558 197.5135 1.546057 1.525809 4.026549 -3.196392 2.003581 60.688160 -4.771010 0.15597764
Car -1 -1 -3.7151 1055.9360 162.0407 1207.2864 206.0019 1.498572 1.624931 4.115259 18.297865 1.129664 25.507915 -3.092845 0.11275573
Cyclist -1 -1 -3.9507 0.0000 145.4831 281.5614 374.0000 1.752435 0.613193 1.736028 -2.290986 1.666463 3.159711 -4.578023 0.10543965
