Car -1 -1 -7.9845 683.6673 185.3647 749.0703 234.1733 1.345361 1.560559 3.485559 3.194605 1.766182 22.536741 -7.843657 0.99774855
Car -1 -1 -8.1673 768.9852 169.6862 995.7526 334.4206 1.707373 1.615340 3.550497 3.160290 1.674241 9.265795 -7.838562 0.99332350
Car -1 -1 -2.7897 103.5442 183.0802 364.6086 273.5606 1.446108 1.592803 3.783377 -6.528652 1.641364 12.780028 -3.262034 0.98471963
Car -1 -1 -2.4790 0.0000 188.8276 240.0846 349.2662 1.425548 1.642996 4.448039 -6.581939 1.613066 7.541302 -3.196599 0.98388946
Car -1 -1 -8.4712 906.2716 179.7633 1241.0000 374.0000 1.582754 1.632684 3.740359 3.153322 1.639971 4.106888 -7.816413 0.97473925
Car -1 -1 -2.6396 224.0944 182.5413 435.9979 257.3510 1.468656 1.610670 3.958980 -5.988607 1.690724 15.501361 -3.008252 0.91556299
Car -1 -1 -5.4789 360.7352 174.1870 488.0920 235.7524 1.688351 1.630938 3.596192 -5.598604 1.730777 21.492458 -5.733731 0.85514325
Car -1 -1 -4.7567 637.9834 162.0790 673.4277 201.6468 2.579756 2.165947 6.348635 3.072240 1.876944 50.235130 -4.695657 0.73329210
Car -1 -1 -2.8675 271.7322 181.1717 439.0941 249.3130 1.544083 1.615986 3.518982 -6.116313 1.755960 17.489737 -3.203940 0.66620833
Car -1 -1 -8.6721 701.6510 180.1213 783.7127 216.8400 1.456047 1.484337 3.372573 5.627450 1.787265 31.118992 -8.493172 0.63646960
Car -1 -1 -4.6223 442.0233 177.1080 489.2600 221.9972 1.560388 1.471687 2.918257 -5.377691 1.727703 26.900620 -4.819605 0.17159811
Car -1 -1 -4.9217 710.9452 180.5852 756.2403 213.2286 1.528458 1.465837 3.991190 6.196766 1.943822 36.768410 -4.754701 0.10931160
