Car -1 -1 -8.0991 735.7863 187.9186 905.0856 304.7420 1.371967 1.569651 3.247106 2.824010 1.625735 10.532325 -7.837118 0.99635053
Car -1 -1 -5.6630 0.0000 178.0771 318.8230 338.2113 1.613777 1.667692 3.986711 -5.690489 1.678960 8.186765 -6.270381 0.99092203
Car -1 -1 -6.7444 795.0319 174.7311 1007.5737 251.8367 1.598517 1.673945 4.055009 6.315916 1.642501 16.014854 -6.368775 0.98448783
Car -1 -1 -5.4058 71.3767 177.6214 344.1526 299.7668 1.562050 1.607275 3.603770 -6.018554 1.641882 10.732015 -5.916870 0.97832811
Car -1 -1 -2.7945 265.0654 184.5524 445.5914 246.4186 1.420048 1.574346 3.865192 -6.193279 1.719366 17.673395 -3.131550 0.94164574
Car -1 -1 -5.4091 177.3825 184.8325 409.3867 276.2325 1.409595 1.580978 4.135243 -5.865592 1.654826 13.170957 -5.828069 0.93385071
Car -1 -1 -7.9076 637.0659 179.6513 667.8062 204.5211 1.440700 1.690828 3.902599 2.559645 1.881047 44.820930 -7.850514 0.88122940
Car -1 -1 -4.1666 218.9848 181.7529 408.3978 269.4996 1.499590 1.708998 4.127159 -5.943936 1.710518 14.949720 -4.545063 0.85269815
Car -1 -1 -6.5814 703.7275 173.2727 801.6410 214.8335 1.733390 1.696571 3.815868 6.075019 1.751779 31.159210 -6.388839 0.82286930
Car -1 -1 -6.4921 704.4233 177.8797 815.9218 217.6958 1.533265 1.696028 4.100639 5.898989 1.740038 28.866268 -6.290477 0.64021355
Car -1 -1 -2.8381 310.5522 176.8441 456.6736 237.5509 1.647123 1.658708 3.635147 -6.403366 1.764883 20.517565 -3.140573 0.56958461
Car -1 -1 -8.1638 747.2650 179.9991 845.1018 233.3878 1.364594 1.618410 3.882477 5.232541 1.591605 20.964685 -7.919178 0.42684877
Car -1 -1 -3.1060 346.0739 174.2879 471.3196 230.3063 1.708990 1.725613 3.767891 -6.493868 1.757646 23.356565 -3.377176 0.37654576
Car -1 -1 -2.3717 0.0000 188.0219 165.2728 374.0000 1.513775 1.603091 3.795619 -6.089310 1.655369 5.887391 -3.173950 0.25423926
Car -1 -1 -2.8935 367.8911 173.7924 488.2946 220.6367 1.665594 1.708786 3.998898 -6.667942 1.700938 26.547684 -3.139626 0.22997397
Car -1 -1 -3.2675 721.7875 180.0129 841.7715 225.3230 1.487847 1.598167 3.867727 5.822506 1.745456 25.000673 -3.038666 0.10292117
Car -1 -1 -3.3731 713.7579 179.7729 823.2634 221.7395 1.486327 1.600745 3.679982 5.753966 1.749732 26.665169 -3.160574 0.10052887
Pedestrian -1 -1 -7.5189 365.8323 166.7442 394.5154 220.0514 1.801603 0.769377 0.639999 -7.913248 1.594813 24.715158 -7.828777 0.30753604
Pedestrian -1 -1 -6.9153 362.8065 167.3786 392.7604 223.0215 1.840928 0.756397 0.638413 -7.883883 1.659476 24.352060 -7.228414 0.19370045
Pedestrian -1 -1 -6.8659 369.7821 166.1919 397.1143 218.0686 1.770392 0.762471 0.582849 -7.925125 1.542736 25.090431 -7.171809 0.16053160
Pedestrian -1 -1 -6.9872 371.0005 166.3068 397.9601 217.0025 1.761543 0.721470 0.580536 -8.018669 1.533744 25.509415 -7.291788 0.10620490
