Car -1 -1 -8.1179 712.2332 167.6497 874.6495 293.2210 1.714606 1.607044 3.562811 2.712399 1.643244 11.660874 -7.889313 0.99968016
Car -1 -1 -7.9366 663.0461 176.3337 716.5057 222.8393 1.498163 1.561015 3.500884 2.682454 1.628288 25.276672 -7.830861 0.99927992
Car -1 -1 -5.6923 0.0000 175.3309 354.7758 296.0924 1.536144 1.674447 4.276002 -6.085461 1.573978 10.162905 -6.231862 0.98957437
Car -1 -1 -5.7673 122.3457 177.5943 388.5276 272.5713 1.549114 1.599215 3.963078 -6.212783 1.638877 12.784694 -6.219609 0.85847366
Car -1 -1 -2.5581 172.4469 155.7156 389.7191 256.2617 1.956801 1.700485 3.864933 -6.894164 1.622959 15.184887 -2.984265 0.82261837
Car -1 -1 -2.4691 348.8112 178.8543 477.4074 232.8554 1.451104 1.517759 3.418482 -5.794631 1.637356 21.063103 -2.737561 0.75078714
Car -1 -1 -5.9018 355.1052 178.8793 491.2894 227.8336 1.471955 1.572231 3.893424 -5.946602 1.672112 22.976734 -6.155052 0.62767601
Car -1 -1 -8.0125 706.9435 174.4084 757.6130 216.3434 1.623901 1.539547 3.335204 4.936806 1.691267 29.737165 -7.847967 0.62055081
Car -1 -1 -2.4350 0.0000 181.2779 200.4819 374.0000 1.540022 1.634453 3.797088 -5.569911 1.615570 5.525202 -3.224436 0.52882642
Car -1 -1 -4.6653 438.0170 169.7087 483.2061 214.4274 1.733133 1.662780 3.706125 -6.178070 1.610933 29.924170 -4.868863 0.26532987
Car -1 -1 -5.7098 386.4960 173.4440 499.9821 215.2621 1.503155 1.589387 3.969738 -6.370841 1.526416 27.394768 -5.938296 0.18307298
Car -1 -1 -8.5905 913.0526 192.8861 1241.0000 374.0000 1.493792 1.575513 3.426367 2.783522 1.628529 3.141736 -7.865530 0.10724847
Pedestrian -1 -1 -6.3210 841.8618 177.6143 876.1166 299.6068 1.589765 0.437430 0.415995 3.282138 1.655186 9.692698 -5.994523 0.12246457
