Car -1 -1 -8.0636 677.9422 181.5954 779.4368 254.4702 1.470290 1.592838 3.571545 2.593355 1.695960 16.824018 -7.910691 0.99967349
Car -1 -1 -8.3090 783.7531 196.4254 1114.0444 374.0000 1.360157 1.533364 3.393545 2.951850 1.652296 7.207946 -7.920276 0.99634463
Car -1 -1 -4.8104 659.9442 179.4940 714.4409 218.5123 1.355371 1.663867 4.322579 2.864992 1.632346 27.965338 -4.708346 0.99138969
Car -1 -1 -2.5959 0.0000 188.2413 319.9653 312.5830 1.566736 1.676444 3.979861 -6.476251 1.802447 10.188013 -3.162137 0.98687738
Car -1 -1 -2.3254 0.0000 196.9860 229.9336 353.0385 1.456072 1.587057 3.694706 -6.538517 1.761067 8.090749 -3.005132 0.96815467
Car -1 -1 -5.8178 317.9579 184.5702 484.4552 238.8226 1.421691 1.625946 4.297139 -5.967854 1.775473 20.614332 -6.099554 0.93259746
Car -1 -1 -2.6049 102.9015 181.7339 356.3122 276.2672 1.526947 1.600452 3.651148 -6.640321 1.694332 12.724566 -3.085834 0.83452314
Car -1 -1 -4.7634 640.4726 172.0404 669.0493 200.2151 1.739627 1.633407 3.899432 2.812630 1.689092 46.508125 -4.703002 0.66689330
Car -1 -1 -2.6403 358.1906 165.0034 488.0941 219.0570 1.868614 1.740990 4.274952 -6.830869 1.596922 26.310459 -2.894348 0.49960396
Car -1 -1 -5.6812 181.6815 186.7232 400.1465 262.7964 1.418780 1.523057 3.987442 -6.620474 1.727905 14.980843 -6.097338 0.16994849
Car -1 -1 -2.0983 0.0000 197.5521 119.0316 374.0000 1.482367 1.598029 3.930103 -6.400029 1.724782 5.888597 -2.925292 0.12468311
