Car -1 -1 -8.1169 682.8614 181.0361 816.9066 282.3446 1.568747 1.580881 3.149790 2.341023 1.735267 13.074121 -7.939749 0.98362780
Car -1 -1 -5.2853 859.3160 180.4534 1241.0000 374.0000 1.582476 1.565388 3.573824 2.897952 1.648399 4.500106 -4.713186 0.95693403
Car -1 -1 -8.2110 557.9251 183.1164 616.5759 220.4787 1.501299 1.522861 3.283348 -1.095068 1.978924 31.794252 -8.245406 0.79691482
Car -1 -1 -7.8884 545.5571 184.4333 574.4625 210.2266 1.392788 1.568157 3.147451 -2.982141 2.094353 42.087963 -7.959094 0.22718574
Car -1 -1 -6.2556 544.6793 184.0499 613.8859 210.6906 1.462861 1.608005 3.868207 -1.766238 2.114079 41.154400 -6.298520 0.21864834
Car -1 -1 -4.5977 294.3338 193.4306 393.8723 269.2935 1.380773 1.675670 3.559073 -5.853487 1.894581 16.102373 -4.946400 0.10812151
Pedestrian -1 -1 -7.6291 395.2017 176.0186 436.9564 254.8158 1.693250 0.722294 0.857497 -4.335285 1.764994 15.983330 -7.893961 0.35871568
Pedestrian -1 -1 -7.6627 441.0472 179.6532 471.6807 246.6133 1.648548 0.638321 0.684150 -3.915468 1.822880 18.183582 -7.874781 0.12370187
Cyclist -1 -1 -4.4858 392.0178 177.2862 437.4531 259.3477 1.694370 0.587344 1.766336 -4.324120 1.797160 15.888540 -4.751558 0.81842268
Cyclist -1 -1 -4.5039 433.6186 177.9768 472.4027 251.0578 1.718240 0.594348 1.768698 -3.938330 1.851855 17.975161 -4.719626 0.81276792
