Pedestrian -1 -1 -4.7580 623.1347 136.2739 666.7827 261.3253 1.807217 0.613136 0.797093 0.536813 1.168464 10.618169 -4.707498 0.93795365
Pedestrian -1 -1 -4.5778 441.5756 136.6377 486.2367 243.1458 1.874227 0.697131 0.815160 -2.602945 1.102753 12.871312 -4.777295 0.78375566
Pedestrian -1 -1 -4.8469 675.4645 136.2038 721.8344 261.5239 1.847505 0.600478 0.766921 1.368575 1.194869 10.809552 -4.720962 0.77638394
Pedestrian -1 -1 -4.7383 564.1862 134.3447 596.3964 230.3536 1.772441 0.590025 0.634885 -0.521994 0.920725 13.388905 -4.777308 0.59239674
Pedestrian -1 -1 -4.6178 484.3510 134.3401 517.1182 228.3438 1.806221 0.587837 0.567487 -2.087281 0.919650 13.884867 -4.767047 0.55318600
Pedestrian -1 -1 -7.6273 405.9530 142.8629 433.1672 204.3246 1.849532 0.676423 0.654369 -5.699009 0.717229 21.614386 -7.885073 0.38207552
Pedestrian -1 -1 -4.8443 636.6953 137.4431 669.6096 225.6347 1.783801 0.594453 0.672969 0.945156 0.913268 14.656838 -4.779875 0.37039268
Pedestrian -1 -1 -4.8005 595.7856 134.3819 627.8116 228.7603 1.777025 0.562330 0.625316 0.077707 0.909044 13.647573 -4.794764 0.35806379
Pedestrian -1 -1 -7.4144 268.4114 129.1859 320.3045 241.4066 1.806964 0.597675 0.576633 -5.170770 0.981093 11.679881 -7.831162 0.28268212
Pedestrian -1 -1 -4.5270 530.9088 140.5157 557.3449 207.3434 1.838097 0.624042 0.687425 -1.739534 0.738635 19.819939 -4.614541 0.23595069
Pedestrian -1 -1 -2.6363 161.6469 139.3854 300.8183 362.9805 1.740700 0.580454 0.833728 -3.095775 1.421057 5.800909 -3.126484 0.21058354
Pedestrian -1 -1 -4.5682 548.3492 129.6769 579.9748 218.6919 1.845671 0.589691 0.611274 -0.904756 0.792238 14.989511 -4.628448 0.21012360
Pedestrian -1 -1 -4.7938 607.1151 142.1985 633.9131 224.5707 1.787297 0.547863 0.540410 0.293715 0.956583 15.628236 -4.774974 0.19483057
Pedestrian -1 -1 -4.4116 562.8602 136.7374 594.3443 218.7775 1.801443 0.562411 0.576429 -0.632258 0.840843 15.876471 -4.451354 0.19447699
Pedestrian -1 -1 -4.3791 638.6042 142.1869 673.3008 228.0415 1.796629 0.568648 0.636370 1.054858 0.995224 15.200162 -4.309792 0.18713576
Pedestrian -1 -1 -4.4599 605.9120 141.2905 636.5004 226.7929 1.803752 0.532052 0.588480 0.309724 0.976940 15.270882 -4.439649 0.18207531
Pedestrian -1 -1 -7.9025 492.5067 149.4750 510.8079 202.0271 1.851107 0.616394 0.621277 -3.728498 0.758532 25.269733 -8.048949 0.17827712
Pedestrian -1 -1 -4.4120 592.7176 134.9119 629.5808 229.5289 1.823327 0.574284 0.620088 0.080753 0.945177 14.007443 -4.406209 0.17135207
Pedestrian -1 -1 -4.7918 555.5789 136.4722 581.9861 217.8970 1.813291 0.554960 0.547920 -0.870588 0.833154 16.054125 -4.846025 0.16214757
Pedestrian -1 -1 -4.4148 560.3715 134.4209 593.6676 219.0119 1.805503 0.569930 0.629844 -0.651263 0.822343 15.467911 -4.456918 0.16169496
Pedestrian -1 -1 -4.5396 625.2531 142.2233 655.4842 227.5706 1.796084 0.556115 0.609501 0.722364 0.990922 15.237557 -4.492225 0.15034673
Pedestrian -1 -1 -4.9328 605.0787 143.2592 633.9113 223.4300 1.777646 0.547657 0.530036 0.279746 0.952239 15.992343 -4.915307 0.14412199
Pedestrian -1 -1 -4.9621 579.4701 137.6392 609.1469 219.5099 1.795824 0.542702 0.556602 -0.287912 0.856021 15.849222 -4.980261 0.13829967
Pedestrian -1 -1 -4.6130 546.8314 129.4333 576.4157 220.6908 1.849311 0.560030 0.556262 -0.936795 0.814811 14.616053 -4.676980 0.13002476
Pedestrian -1 -1 -4.3736 563.7726 139.0677 594.1517 219.3176 1.807105 0.546909 0.553414 -0.638678 0.874452 16.266741 -4.412827 0.12273806
Pedestrian -1 -1 -4.7015 623.9102 142.9154 649.9713 225.1352 1.781048 0.564494 0.557512 0.662345 0.967234 15.609492 -4.659117 0.12062611
Pedestrian -1 -1 -4.6093 523.7758 142.7139 550.3821 211.0931 1.827853 0.655164 0.692509 -1.882276 0.818099 19.248312 -4.706776 0.11710702
Pedestrian -1 -1 -4.8115 517.5731 131.5796 546.0110 224.9133 1.816067 0.514701 0.483100 -1.504559 0.864545 14.046663 -4.918188 0.11408959
Pedestrian -1 -1 -7.8519 490.9453 147.7251 509.3000 201.4315 1.844750 0.624925 0.682429 -3.691487 0.719233 24.669458 -8.000441 0.11050286
Pedestrian -1 -1 -3.8862 503.1217 136.7094 541.8059 220.4602 1.827692 0.561659 0.654899 -1.893838 0.872395 15.861310 -4.005071 0.10954771
Pedestrian -1 -1 -4.6121 577.6936 132.7932 609.9339 227.0649 1.794857 0.572286 0.617115 -0.258530 0.886922 13.792497 -4.630827 0.10471535
Pedestrian -1 -1 -4.3879 579.8751 138.3060 611.0658 221.8830 1.788398 0.530785 0.568475 -0.249060 0.885869 15.480964 -4.403993 0.10449383
Pedestrian -1 -1 -4.7083 536.9144 136.6737 561.8505 217.9691 1.812606 0.555084 0.563921 -1.307321 0.835773 16.067253 -4.789524 0.10376095
Pedestrian -1 -1 -4.4948 519.9254 142.1504 546.0178 208.1095 1.835931 0.612819 0.642648 -2.074393 0.768798 20.034473 -4.598011 0.10036199
Pedestrian -1 -1 -4.8496 628.3800 133.2482 660.6459 226.0578 1.826704 0.560801 0.671648 0.744474 0.897040 14.274801 -4.797530 0.10036124
