Car -1 -1 -4.2218 32.4108 194.5090 359.9187 358.1283 1.436308 1.662347 4.188371 -4.737580 1.768752 8.988175 -4.706887 0.99947363
Car -1 -1 -4.4069 297.2570 187.8001 446.4900 277.0721 1.467786 1.671938 4.150924 -4.669052 1.813738 14.637425 -4.715693 0.99900609
Car -1 -1 -8.2223 794.3362 183.5167 1024.0530 321.6705 1.457274 1.593081 3.526138 3.665661 1.625710 9.651009 -7.859307 0.99760062
Car -1 -1 -4.4578 387.8745 185.7278 490.1070 244.8771 1.371532 1.662906 4.476450 -4.627083 1.767938 19.974257 -4.685458 0.99496549
Car -1 -1 -8.1383 729.4263 178.8714 868.0489 262.9135 1.444804 1.615909 4.052262 3.616415 1.584765 14.758933 -7.898017 0.99245715
Car -1 -1 -8.0199 708.7975 178.5051 790.5641 237.7488 1.478153 1.605451 3.953132 3.781408 1.653001 20.372744 -7.836382 0.98600346
Car -1 -1 -4.5852 504.4739 178.9700 547.8959 209.2169 1.369451 1.633253 3.938131 -4.099169 1.686388 35.447113 -4.700376 0.96872193
Car -1 -1 -8.5978 965.9699 192.9576 1241.0000 374.0000 1.439637 1.663837 3.946898 3.709480 1.605687 3.993052 -7.849207 0.87148583
Car -1 -1 -4.5919 521.6447 177.2556 560.0151 204.4487 1.391214 1.630056 3.974263 -3.779201 1.644554 39.571049 -4.687157 0.43435141
Car -1 -1 -8.0180 698.7015 173.8110 757.1563 224.3929 1.700128 1.547427 3.270065 4.129559 1.736426 25.953762 -7.860206 0.23193258
Car -1 -1 -6.5716 743.8848 180.2479 995.1383 266.6344 1.485084 1.591410 4.115415 4.625715 1.631555 13.438988 -6.240076 0.10302053
