Car -1 -1 -8.7952 871.6417 177.6900 1131.6632 278.8800 1.454438 1.581964 3.763820 6.546386 1.552260 12.602784 -8.316167 0.99887282
Car -1 -1 -8.0398 656.6879 182.6182 721.1891 230.9268 1.497831 1.580066 3.475844 2.602035 1.858729 24.894512 -7.935692 0.99861002
Car -1 -1 -2.7803 303.0275 194.5349 452.7007 247.7854 1.438686 1.540672 3.866005 -6.757845 2.097518 21.068199 -3.090712 0.84446746
Car -1 -1 -2.4982 0.0000 158.8876 303.8959 349.4256 1.977476 1.782862 4.582838 -6.281323 1.832227 8.380274 -3.141396 0.74454123
Car -1 -1 -7.9685 634.9225 182.2266 675.5045 215.5842 1.456569 1.532753 3.396477 2.056526 1.923346 34.219902 -7.908437 0.71957511
Car -1 -1 -2.5432 363.3754 194.2316 477.9729 239.0123 1.454788 1.557294 3.792216 -6.890028 2.268660 26.112873 -2.801150 0.65994716
Car -1 -1 -2.8809 450.0767 181.4731 538.2648 215.8941 1.967867 1.802743 4.886514 -6.894040 2.494516 42.968418 -3.040004 0.63442510
Car -1 -1 -2.8392 332.3044 197.0473 460.1314 245.4437 1.478224 1.518377 3.728484 -6.979076 2.296048 23.612585 -3.126629 0.45925754
Car -1 -1 -2.6864 115.4758 194.3622 362.8145 281.9794 1.474422 1.609067 3.756960 -6.789329 1.897792 13.381537 -3.155910 0.45714715
Car -1 -1 -2.1901 0.0000 182.6996 122.1312 374.0000 1.724848 1.708849 4.079193 -6.726550 1.822774 6.109838 -3.023540 0.40920973
Car -1 -1 -4.6614 477.8196 180.0592 514.4603 215.8453 1.951201 1.901152 5.079928 -6.758471 2.406750 43.023823 -4.817170 0.28347671
Pedestrian -1 -1 -4.2085 243.2784 167.3927 316.8139 311.4975 1.788184 0.655078 0.594177 -4.283132 1.720115 9.273143 -4.641170 0.11222026
