Car -1 -1 -8.0757 713.6008 176.0948 847.4747 269.1379 1.528098 1.640398 3.916792 3.062211 1.599273 13.949927 -7.859585 0.99938011
Car -1 -1 -4.4147 352.6655 183.0300 447.3990 246.9142 1.556448 1.531756 3.553530 -5.736646 1.862604 19.939465 -4.694805 0.99684429
Car -1 -1 -4.4974 412.2824 182.7308 480.3391 230.5426 1.479168 1.535498 3.714150 -5.620169 1.845938 24.953793 -4.718951 0.99392587
Car -1 -1 -8.1013 688.9095 174.6582 778.4363 238.7911 1.535472 1.551738 3.289397 3.121514 1.587133 19.075684 -7.939107 0.98230720
Car -1 -1 -8.3850 861.9017 182.7386 1241.0000 374.0000 1.443422 1.574715 3.731054 3.239674 1.542445 5.375929 -7.842683 0.97015035
Car -1 -1 -3.7722 0.0000 210.0520 152.1503 374.0000 1.484702 1.674850 4.171568 -5.664162 1.863125 5.180908 -4.602157 0.55959678
Car -1 -1 -5.2660 972.9379 183.6176 1241.0000 356.9322 1.434127 1.565569 3.789124 5.690530 1.584225 8.146399 -4.656272 0.23826317
Car -1 -1 -8.0227 682.2351 178.6450 739.9496 222.5798 1.406455 1.466317 3.159448 3.411133 1.620673 25.124464 -7.887798 0.15082799
Car -1 -1 -7.2272 1029.5460 173.9632 1241.0000 374.0000 1.532564 1.657294 4.292001 4.674758 1.539271 3.651843 -6.319580 0.14497238
Cyclist -1 -1 -4.1469 0.0000 203.4083 159.6465 374.0000 1.635963 0.520630 1.706015 -4.925642 1.952631 6.615178 -4.786891 0.22894330
