Car -1 -1 -8.2206 761.8989 183.8718 1088.7220 374.0000 1.456574 1.595940 3.921330 2.735029 1.599383 7.401405 -7.866644 0.99973494
Car -1 -1 -8.0592 682.3657 165.9001 784.5794 252.2495 1.773730 1.601350 3.529739 2.669979 1.630588 16.621086 -7.899887 0.99694294
Car -1 -1 -7.9342 654.0923 172.0812 697.8047 209.1929 1.476846 1.551667 3.470510 2.687235 1.445794 30.454590 -7.846189 0.98313403
Car -1 -1 -5.8384 186.2693 172.3547 428.0511 251.7508 1.550513 1.668102 4.353741 -6.242620 1.540463 15.035248 -6.231941 0.75591773
Car -1 -1 -5.7236 278.4717 166.9796 456.7626 236.1915 1.623102 1.676895 3.980072 -6.121372 1.485040 18.199848 -6.048100 0.73177612
Car -1 -1 -5.8753 409.8684 174.9363 512.7762 212.7544 1.436922 1.561638 3.689852 -5.926332 1.522675 28.679192 -6.079094 0.53264558
Car -1 -1 -4.3884 324.4344 159.9608 437.9169 237.0167 1.946233 1.769904 4.279009 -6.347110 1.620285 20.382715 -4.690278 0.34608623
Car -1 -1 -5.9500 403.0529 175.6261 510.1006 214.2337 1.422969 1.557595 3.721439 -5.903341 1.533095 27.739906 -6.159667 0.19657952
Car -1 -1 -4.4418 452.3694 166.2462 508.2466 204.8439 1.751807 1.692661 3.796441 -6.210990 1.451601 34.716854 -4.618879 0.13792501
Car -1 -1 -4.6376 494.2491 166.6920 526.9462 198.0259 1.683543 1.573313 3.356238 -5.576656 1.352165 40.491325 -4.774463 0.12801301
Car -1 -1 -6.3689 655.2730 176.5817 762.7817 216.3639 1.554312 1.632073 4.191288 3.905559 1.709976 29.275366 -6.236299 0.12348298
Car -1 -1 -6.0250 393.4185 176.0252 505.9959 216.0013 1.426243 1.550084 3.801831 -5.929024 1.547150 26.727709 -6.243293 0.10812305
