Car -1 -1 -7.4267 128.9807 181.9670 430.9245 369.0000 1.566767 1.595172 3.445727 -3.196785 1.586608 7.623109 -7.823730 0.99910909
Car -1 -1 -4.6523 461.9874 171.0799 490.4004 193.4498 1.438468 1.638245 4.160055 -8.636057 0.832784 47.628452 -4.831661 0.98543292
Car -1 -1 -6.9426 1110.8063 153.4224 1223.0000 200.5990 1.516984 1.629953 4.069956 19.495564 0.646569 23.612715 -6.252382 0.43538854
Car -1 -1 -3.8751 0.0000 179.6065 33.7356 326.3878 1.857493 1.743573 4.684076 -11.984894 1.846590 11.308941 -4.689526 0.11472680
Pedestrian -1 -1 -3.2584 59.6412 179.1762 108.5553 266.2696 1.802768 0.668308 0.769706 -11.200181 1.775719 15.142420 -3.895245 0.53706819
Pedestrian -1 -1 -3.6324 0.0000 179.8957 55.6262 277.8197 1.828181 0.757736 0.699680 -11.289469 1.817265 13.667708 -4.322815 0.41973749
Pedestrian -1 -1 -8.3763 919.1427 143.1617 953.1102 202.7945 1.906561 0.683039 0.820019 10.747810 0.713068 23.043352 -7.939876 0.38170516
Pedestrian -1 -1 -7.9768 630.6835 158.5460 664.3102 249.1053 1.801694 0.590309 0.801207 0.815751 1.365272 14.486220 -7.920521 0.33967417
Pedestrian -1 -1 -3.8986 0.0000 179.2950 43.8072 271.8289 1.804853 0.736678 0.773834 -12.011464 1.781710 14.216611 -4.600070 0.33593890
Pedestrian -1 -1 -3.7172 0.0000 174.8623 54.9666 297.4352 1.799078 0.766785 0.787431 -9.190676 1.716721 10.865507 -4.419239 0.31176680
Pedestrian -1 -1 -3.7565 0.0000 181.9894 54.2335 273.4519 1.754419 0.712635 0.698335 -11.582096 1.785184 14.006746 -4.447404 0.24113920
Pedestrian -1 -1 -3.9291 0.0000 177.6860 50.3870 264.6273 1.775347 0.716413 0.780322 -12.371316 1.718237 14.858447 -4.623369 0.21326044
Pedestrian -1 -1 -3.7499 0.0000 176.0604 46.8084 288.8069 1.789688 0.724474 0.794294 -9.967372 1.719600 11.699540 -4.455494 0.21103621
Pedestrian -1 -1 -3.7155 0.0000 177.1036 52.5359 281.4884 1.829596 0.738968 0.755644 -10.759678 1.770440 12.862971 -4.412076 0.21095197
Pedestrian -1 -1 -3.6907 0.0000 174.5028 52.3889 282.9715 1.847569 0.723946 0.792510 -10.517275 1.745794 12.534104 -4.388780 0.14698173
Pedestrian -1 -1 -3.5369 0.0000 177.8185 50.2570 279.6774 1.843333 0.838867 0.716183 -11.122312 1.795174 13.306578 -4.233113 0.14265262
Pedestrian -1 -1 -3.8046 0.0000 174.9351 50.1798 293.4357 1.806735 0.728836 0.780256 -9.544253 1.722277 11.235877 -4.508785 0.13495849
Pedestrian -1 -1 -3.7644 0.0000 176.4840 53.3659 287.2924 1.820006 0.699310 0.752533 -10.109969 1.754425 12.064339 -4.461896 0.12619340
Cyclist -1 -1 -4.4378 387.3193 157.0266 445.6642 268.3427 1.806694 0.530596 1.765021 -3.308133 1.426095 12.361534 -4.699296 0.88584447
Cyclist -1 -1 -5.0517 916.2643 144.0928 955.9338 201.1944 1.794349 0.649375 1.669080 10.749124 0.650576 23.080145 -4.615814 0.35753283
Cyclist -1 -1 -7.8174 627.6185 155.9610 661.1098 254.1606 1.893986 0.629343 1.739600 0.783036 1.421061 14.531597 -7.763594 0.20901996
Cyclist -1 -1 -3.5969 910.0013 143.7265 967.7471 202.1466 1.881916 0.515556 1.642554 10.838321 0.697587 23.047249 -3.157362 0.12752154
Cyclist -1 -1 -3.8567 0.0000 162.3833 71.3731 306.9550 1.964273 0.662331 1.854220 -9.144899 1.718523 10.571324 -4.569855 0.12234963
