Car -1 -1 -7.9502 714.1719 193.0625 785.9225 252.8792 1.443444 1.623026 4.321006 3.942883 2.097433 21.137543 -7.765770 0.99620545
Car -1 -1 -4.2599 0.0000 204.1528 391.8403 374.0000 1.458294 1.413053 3.143853 -2.955419 1.777101 5.770074 -4.733304 0.98342597
Car -1 -1 -4.9370 748.7733 195.8986 869.3513 282.4315 1.472747 1.593853 3.860922 3.998212 2.022749 15.275734 -4.681009 0.97151977
Car -1 -1 -4.6446 557.2584 186.8509 591.3096 218.3676 1.558260 1.601797 3.719305 -1.935753 2.355006 39.213345 -4.693917 0.93853813
Car -1 -1 -4.6247 456.8289 177.1954 545.1791 271.7706 1.941269 1.699004 4.224985 -2.512749 2.057241 17.166479 -4.770059 0.90751237
Car -1 -1 -8.0069 700.9438 193.2701 762.8715 238.4082 1.402430 1.615815 3.922822 4.290584 2.198284 26.168282 -7.844409 0.65331602
Car -1 -1 -8.3551 813.6598 182.4077 1058.8782 371.0868 1.728627 1.415608 2.536520 3.394586 1.852986 8.080235 -7.957394 0.30715615
Car -1 -1 -4.0558 1065.1034 190.9181 1241.0000 374.0000 1.539600 1.573660 4.113836 5.142643 1.666416 4.226521 -3.172935 0.13685189
Car -1 -1 -4.5988 498.6587 188.3688 560.4394 242.1622 1.499702 1.549026 3.694614 -2.537334 2.034459 23.033262 -4.708560 0.13548559
Cyclist -1 -1 -4.8472 692.9540 187.4609 708.8307 226.4138 1.633353 0.469158 1.665894 3.943506 2.292058 31.717297 -4.723545 0.17721100
