Car -1 -1 -8.0596 710.2542 181.4945 864.4238 288.2963 1.412834 1.595536 4.063692 2.656077 1.579712 11.917934 -7.840342 0.99953103
Car -1 -1 -4.4208 291.6695 170.5495 473.6316 283.1590 1.507096 1.671212 4.023292 -3.478627 1.475954 11.669812 -4.710525 0.99929535
Car -1 -1 -4.7752 663.6543 178.1792 723.8247 227.9466 1.358327 1.566456 3.817454 2.429620 1.535124 22.052546 -4.665433 0.99776816
Car -1 -1 -4.5988 466.1013 171.5368 526.4932 221.5869 1.458298 1.513535 3.278667 -3.554463 1.419620 22.692801 -4.754184 0.98846650
Car -1 -1 -8.4349 848.4005 177.8657 1241.0000 374.0000 1.597633 1.561341 3.231874 2.549196 1.635690 3.904255 -7.856502 0.74828148
Car -1 -1 -4.8457 645.5443 172.6912 700.2591 213.0250 1.487103 1.641365 3.876884 2.375005 1.480800 28.580305 -4.762794 0.45233321
Car -1 -1 -5.3776 0.0000 180.6711 162.4964 374.0000 1.633620 1.728441 4.581856 -5.136390 1.682895 3.584928 -6.339099 0.18083435
Car -1 -1 -6.9410 1046.0417 133.3735 1241.0000 258.3761 2.482962 2.189886 6.108271 13.091717 1.698449 15.553982 -6.241297 0.10126700
Cyclist -1 -1 -4.0318 0.0000 154.1651 218.0500 374.0000 1.740724 0.631106 1.805857 -2.702683 1.676443 3.374758 -4.707083 0.25214830
Cyclist -1 -1 -4.1652 0.0000 126.5204 219.6085 374.0000 1.773472 0.644165 1.831850 -2.308462 1.651683 2.842821 -4.847272 0.12576075
