Car -1 -1 -7.1371 0.0000 202.7015 290.5702 369.0000 1.455531 1.579006 3.693512 -3.173115 1.623390 3.466381 -7.878380 0.89416754
Car -1 -1 -4.4489 475.6198 168.9858 512.9582 192.2759 1.911096 1.926367 5.003733 -9.413485 0.966234 60.609894 -4.603017 0.38568762
Car -1 -1 -3.1217 460.0425 164.9448 522.8483 191.2845 2.180625 1.795488 5.167140 -9.554692 0.892776 59.781651 -3.280150 0.10174845
Car -1 -1 -3.8856 0.0000 196.8854 91.4641 369.0000 1.533692 1.554028 4.058347 -6.132159 1.705090 5.327264 -4.741134 0.10042975
Pedestrian -1 -1 -5.4044 1100.7264 149.7081 1137.7028 221.6004 1.767408 0.541289 0.516289 12.793577 1.010744 17.657349 -4.777353 0.35471597
Pedestrian -1 -1 -8.7904 1049.2012 151.6221 1086.6573 223.7664 1.747960 0.557794 0.551663 11.403111 1.048615 17.487032 -8.212606 0.28295830
Pedestrian -1 -1 -4.7168 1109.7366 150.7032 1138.3802 221.5798 1.756040 0.577260 0.472670 13.078033 1.018119 17.878576 -4.085277 0.17600144
Pedestrian -1 -1 -4.3997 1013.5609 152.4474 1039.7513 212.2113 1.833110 0.570753 0.518217 13.126272 0.972952 22.072412 -3.863143 0.13001697
Pedestrian -1 -1 -4.3529 1012.2319 157.8121 1038.5389 219.0374 1.774911 0.510680 0.539052 12.367428 1.117490 20.865074 -3.817882 0.11062470
Pedestrian -1 -1 -5.4887 1100.3358 148.7018 1139.6848 222.0845 1.765448 0.545987 0.555609 12.571009 1.000773 17.325428 -4.861052 0.10496743
Pedestrian -1 -1 -5.9406 1058.0724 151.7999 1086.9316 222.3616 1.731165 0.492234 0.464008 11.647655 1.027361 17.680180 -5.358081 0.10313194
Cyclist -1 -1 -4.0037 1028.8286 153.3046 1102.3737 225.8463 1.736181 0.540849 1.704526 11.306608 1.085629 17.422384 -3.427999 0.11416118
