Car -1 -1 -8.0785 714.9189 187.5453 851.8379 281.8072 1.366292 1.580870 3.355518 2.829768 1.658082 12.664010 -7.858665 0.99764985
Car -1 -1 -5.6836 15.2267 184.2793 370.1712 307.2835 1.522205 1.664141 4.089353 -5.743182 1.697875 10.113873 -6.200002 0.98191422
Car -1 -1 -6.6913 765.8752 174.5672 971.3594 244.8326 1.558201 1.685288 4.249343 5.958589 1.600724 17.042110 -6.354988 0.97350866
Car -1 -1 -5.6965 130.2806 173.7011 383.9981 278.6879 1.657266 1.637628 3.641782 -6.049792 1.672838 12.462932 -6.148398 0.96808439
Car -1 -1 -5.6065 0.0000 186.3743 272.9303 341.7765 1.496841 1.611733 3.859052 -6.074048 1.661496 7.950702 -6.258899 0.96677691
Car -1 -1 -5.4205 240.9055 178.3801 438.3923 258.5038 1.496755 1.636662 4.150743 -5.870492 1.627714 15.426603 -5.784153 0.91836083
Car -1 -1 -4.5980 701.6324 172.3088 755.6438 217.5154 1.860532 1.850918 4.724735 5.330986 1.837793 32.221436 -4.434066 0.83647269
Car -1 -1 -2.9633 376.7906 172.3935 493.1254 219.7616 1.731494 1.728178 4.044008 -6.602841 1.714360 27.356052 -3.200171 0.62558657
Car -1 -1 -7.9085 636.3334 178.9548 665.7205 202.9223 1.444289 1.666881 3.989276 2.569100 1.853955 46.491127 -7.853304 0.52504647
Car -1 -1 -2.8618 291.2068 182.5440 458.6067 239.6846 1.454864 1.572604 4.026653 -6.308967 1.728053 19.512367 -3.174536 0.38387132
Car -1 -1 -4.1807 273.4171 181.2258 443.2887 257.0422 1.495516 1.844353 4.282985 -5.763660 1.719220 17.021673 -4.507181 0.15065700
Pedestrian -1 -1 -6.6102 916.7101 167.2519 937.1346 206.1693 1.845810 0.554324 0.756280 15.121367 1.579809 34.530312 -6.197473 0.15609437
