Car -1 -1 -4.4659 455.4127 171.5356 550.8845 235.9980 1.562683 1.666376 3.809879 -2.568928 1.321662 19.401625 -4.597503 0.97181284
Pedestrian -1 -1 -8.5161 700.4090 162.0346 778.6216 298.0338 1.759961 0.644506 0.879656 1.829637 1.508730 9.834731 -8.332122 0.92929208
Pedestrian -1 -1 -7.9028 493.2208 162.5987 545.7918 305.2172 1.743943 0.623914 0.933468 -1.123620 1.513496 9.296400 -8.023106 0.92886984
Pedestrian -1 -1 -5.5235 850.1563 156.5356 997.2005 373.0000 1.738075 0.632122 0.735782 2.253208 1.574409 5.193095 -5.114084 0.79022443
Pedestrian -1 -1 -8.5667 616.8455 161.8777 709.6761 337.7829 1.779695 0.637871 0.790254 0.610191 1.581874 7.774925 -8.488370 0.74807531
Pedestrian -1 -1 -4.7175 575.9833 153.6425 613.7872 266.2466 1.771522 0.595049 0.766123 -0.155491 1.333895 11.689539 -4.730797 0.74243391
Pedestrian -1 -1 -5.5003 641.6941 157.5625 729.4144 311.3649 1.812493 0.696951 0.847466 0.999897 1.531085 9.013849 -5.389817 0.67371243
Pedestrian -1 -1 -3.1832 798.8331 153.4310 900.8590 353.1610 1.773032 0.609911 0.873055 2.270535 1.524579 6.790823 -2.860559 0.49137843
Pedestrian -1 -1 -4.4677 556.3897 163.5428 578.2349 218.9306 1.796690 0.590379 0.606666 -1.147613 1.214622 23.656687 -4.516188 0.11474737
Pedestrian -1 -1 -2.9374 859.3229 147.5496 994.3456 373.0000 1.771871 0.610475 0.844473 2.452458 1.534485 5.532426 -2.520103 0.11220182
Pedestrian -1 -1 -5.5630 624.5971 157.4859 718.9985 323.2909 1.750738 0.651946 0.838870 0.739370 1.497872 8.113517 -5.472137 0.10351362
Pedestrian -1 -1 -2.4647 637.1791 156.8939 730.6051 318.0144 1.776976 0.652402 0.878033 0.916717 1.506292 8.463459 -2.356821 0.10196329
