Car -1 -1 -4.4442 451.2581 183.0867 530.2880 228.7676 1.409594 1.651188 4.381943 -4.153467 1.803740 25.546900 -4.605339 0.99920887
Car -1 -1 -4.1282 0.0000 194.6771 285.7335 374.0000 1.498134 1.479607 3.375835 -4.882742 1.772772 7.401611 -4.711361 0.97062242
Car -1 -1 -7.7793 682.8485 177.5685 732.0198 218.2183 1.408941 1.594376 3.364055 3.683260 1.598456 27.239714 -7.644923 0.92201936
Pedestrian -1 -1 -7.4127 799.4088 151.7488 845.4970 238.2884 1.834291 0.660101 0.878989 4.615481 1.386646 15.841538 -7.129222 0.34132445
Pedestrian -1 -1 -7.2773 0.0000 167.8791 98.7807 374.0000 1.635747 0.635842 0.549064 -4.290861 1.601286 5.261587 -7.961461 0.16727971
Pedestrian -1 -1 -3.9915 0.0000 113.9975 144.8862 374.0000 1.811564 0.700961 0.763986 -2.738708 1.579767 3.225881 -4.695374 0.15692304
Pedestrian -1 -1 -3.9202 0.0000 175.2182 161.8356 374.0000 1.603226 0.630937 0.617797 -3.295385 1.618415 4.375378 -4.565688 0.14366867
Pedestrian -1 -1 -3.9900 0.0000 88.1516 144.9686 374.0000 1.823472 0.695028 0.759738 -2.475190 1.536010 2.827200 -4.709113 0.12120131
Pedestrian -1 -1 -3.8152 0.0000 157.3347 115.5218 374.0000 1.679382 0.642661 0.692637 -3.919327 1.584639 4.797173 -4.500204 0.10140769
Cyclist -1 -1 -4.1265 0.0000 154.3069 187.8262 374.0000 1.713872 0.582961 1.829661 -3.094164 1.637683 3.888845 -4.798633 0.37555894
Cyclist -1 -1 -2.1487 0.0000 165.5352 206.5137 374.0000 1.659184 0.713647 1.806713 -3.574137 1.619590 4.497809 -2.820189 0.24472673
Cyclist -1 -1 -4.1289 0.0000 77.7105 205.2720 374.0000 1.876997 0.671767 1.792922 -2.540987 1.593854 3.072319 -4.819885 0.11602284
