Car -1 -1 -6.9710 913.5720 188.2732 1241.0000 319.0232 1.504880 1.635721 3.720138 6.165569 1.731121 9.573885 -6.398836 0.99132830
Car -1 -1 -2.5925 34.4368 179.0310 338.1126 293.5278 1.702204 1.685114 3.959801 -6.768194 1.809837 11.715437 -3.116385 0.98633784
Car -1 -1 -6.9922 992.5443 174.4777 1241.0000 359.6442 1.630255 1.652361 3.745383 6.074604 1.648078 7.210284 -6.292124 0.97978801
Car -1 -1 -2.5198 0.0000 189.9756 282.8683 330.8730 1.594655 1.680467 4.006371 -6.617399 1.832972 9.213368 -3.142666 0.97850192
Car -1 -1 -3.0480 195.8837 170.7949 398.0662 258.2425 1.768283 1.694229 3.924423 -6.815837 1.726346 15.994403 -3.450858 0.97472090
Car -1 -1 -6.7345 837.0556 187.0775 1103.6526 283.4725 1.515187 1.635460 3.765666 5.989719 1.775577 12.404033 -6.284612 0.97334653
Car -1 -1 -7.9177 635.7825 183.0259 672.3802 213.0524 1.409736 1.628648 3.734801 2.174594 1.957646 37.015507 -7.859048 0.96376437
Car -1 -1 -3.5430 765.9355 186.8331 954.1084 251.6340 1.440878 1.610504 3.975811 5.894545 1.796241 17.406008 -3.216460 0.92419678
Car -1 -1 -6.6718 727.2749 186.1859 878.5756 242.2797 1.449847 1.578794 3.768068 5.287375 1.841290 20.170542 -6.415466 0.84558403
Car -1 -1 -8.1750 817.1162 184.1375 982.4149 283.0075 1.542906 1.672279 4.069887 5.251601 1.790775 13.800741 -7.811414 0.64048612
Car -1 -1 -6.1043 393.6200 185.4723 494.9472 221.5468 1.443177 1.598708 3.936569 -6.957922 1.989669 30.377190 -6.329443 0.45221710
Car -1 -1 -6.6255 726.4030 173.2952 865.5306 232.4290 1.772041 1.691208 3.887403 5.729300 1.786227 22.662941 -6.377862 0.22593820
Car -1 -1 -4.1718 0.0000 191.3352 153.7979 374.0000 1.541106 1.719680 3.752475 -6.030154 1.763255 6.678009 -4.906273 0.16712251
Cyclist -1 -1 -4.6441 525.2027 177.1997 540.2260 220.1026 1.736922 0.518948 1.614791 -3.269377 1.923398 30.194006 -4.751969 0.37768692
Cyclist -1 -1 -2.9599 351.3771 172.2054 429.4831 246.3852 1.832695 0.639324 1.804830 -5.581125 1.816372 18.247604 -3.256691 0.18986818
