Car -1 -1 -8.2487 419.2522 190.0687 555.4668 269.9779 1.435465 1.586494 3.786252 -2.856588 1.861605 15.852976 -8.427017 0.99645931
Car -1 -1 -2.9002 490.6196 173.1269 587.4942 212.3209 1.678652 1.702361 3.991468 -3.155989 1.690900 32.045986 -2.998398 0.98459446
Car -1 -1 -8.0423 316.2110 186.4960 376.0188 224.4827 1.336115 1.556720 3.764225 -10.642018 1.919151 28.839254 -8.395782 0.98234081
Car -1 -1 -8.5303 536.0110 139.5508 873.3110 336.8916 1.908603 1.823083 4.512623 0.850184 1.586208 9.362516 -8.439767 0.96168745
Car -1 -1 -8.0696 298.5847 184.3283 352.7061 219.1800 1.482023 1.597930 3.758492 -13.485263 2.054410 34.007431 -8.447070 0.84131515
Car -1 -1 -7.7616 702.4614 154.4696 875.7994 331.6998 1.825224 1.814462 4.195455 2.543543 1.635590 9.712275 -7.505414 0.74836850
Car -1 -1 -4.5109 0.0000 205.8685 66.7222 321.3255 1.540950 1.551178 3.505186 -10.827032 2.205892 12.630280 -5.219563 0.64605939
Car -1 -1 -4.6958 113.7926 191.0876 153.6864 222.3684 1.507247 1.736048 3.722236 -25.848137 2.548420 39.176888 -5.279033 0.59538037
Car -1 -1 -8.1582 828.5357 171.5291 932.3812 227.8967 1.361120 1.608774 3.418481 7.008768 1.328826 19.167789 -7.807617 0.23392776
Car -1 -1 -4.7308 970.8016 169.5735 1078.8110 244.5838 1.333378 1.717710 3.530944 8.364734 1.274765 14.787436 -4.216050 0.20110124
Car -1 -1 -5.5140 0.0000 197.0251 52.9366 366.5016 1.690923 1.804268 4.924144 -9.952608 2.017019 8.629975 -6.370489 0.10525671
Car -1 -1 -5.5422 0.0000 201.5194 70.5998 296.5726 1.566017 1.753226 4.652980 -13.087822 2.136332 13.411994 -6.315346 0.10393813
