Car -1 -1 -7.6010 270.6318 190.1361 375.7836 256.2031 1.349627 1.511153 3.314367 -6.439958 1.573620 16.857416 -7.965875 0.83039492
Pedestrian -1 -1 -8.1137 597.2429 147.4296 664.2604 305.2309 1.882802 0.655499 0.791055 0.305156 1.476975 9.029696 -8.079920 0.77371693
Pedestrian -1 -1 -7.4382 264.3270 155.6217 369.4374 353.5820 1.744988 0.624688 0.875505 -2.706920 1.517596 6.780695 -7.818064 0.77129114
Pedestrian -1 -1 -5.6844 207.7458 161.3884 309.8276 315.6050 1.724916 0.603986 0.892960 -4.040154 1.500659 8.400125 -6.132665 0.73259866
Pedestrian -1 -1 -4.6887 724.4373 159.8569 752.1860 233.4774 1.802056 0.668052 0.808079 3.409608 1.272813 18.048027 -4.501945 0.69968659
Pedestrian -1 -1 -5.6767 50.3537 184.2451 181.3540 325.6295 1.437061 0.539919 1.020880 -5.155266 1.467799 7.586785 -6.273580 0.34956092
Pedestrian -1 -1 -8.6417 649.7332 146.9648 739.7734 300.4723 1.817706 0.631216 0.961144 1.119193 1.409453 9.078834 -8.519006 0.25161868
Pedestrian -1 -1 -7.3556 446.4648 161.0381 488.2333 242.1120 1.796636 0.642312 0.782663 -3.089461 1.343749 16.389679 -7.541956 0.22234087
Pedestrian -1 -1 -2.9259 0.0000 147.9894 111.3950 361.8655 1.735942 0.803228 0.973475 -5.074176 1.464681 6.404888 -3.595851 0.18174621
Pedestrian -1 -1 -3.6107 0.0000 149.4535 105.6855 373.0000 1.714107 0.775078 0.880844 -4.893540 1.472294 5.996515 -4.295131 0.18005933
Pedestrian -1 -1 -2.7666 246.3027 173.2296 334.6238 308.5857 1.641394 0.552949 0.875508 -3.928386 1.541783 9.003119 -3.178028 0.17980418
Pedestrian -1 -1 -8.7594 710.2292 164.9413 787.4744 291.3168 1.637657 0.542677 0.887947 1.959457 1.423749 9.822341 -8.562514 0.13067868
Pedestrian -1 -1 -2.7671 734.7355 185.0637 826.9060 291.0133 1.419993 0.495170 1.169918 2.492217 1.473933 10.203083 -2.527513 0.11081083
Cyclist -1 -1 -4.5274 434.0591 160.5419 485.9452 275.7026 1.824452 0.560654 1.749520 -2.425881 1.493056 12.257978 -4.722825 0.94811469
Cyclist -1 -1 -5.7414 0.0000 151.3909 134.2317 367.8616 1.715053 0.810065 1.691900 -5.217850 1.477237 6.222756 -6.439172 0.19518767
Cyclist -1 -1 -2.4953 0.0000 148.2135 143.6788 373.0000 1.700752 0.796149 1.735686 -4.883867 1.452761 5.810798 -3.194200 0.14408733
Cyclist -1 -1 -4.0434 675.1424 160.6140 788.8042 294.9587 1.652844 0.551299 1.720797 1.727897 1.396562 9.614089 -3.865551 0.12910604
