Pedestrian -1 -1 -3.9176 192.8747 165.9615 297.2583 349.1541 1.661976 0.583806 0.694075 -3.477774 1.521724 6.939883 -4.382158 0.85829192
Pedestrian -1 -1 -4.2355 866.2189 162.5840 920.5017 268.9710 1.671165 0.574695 0.678017 4.719313 1.374663 11.722843 -3.852738 0.80722207
Pedestrian -1 -1 -4.2506 662.8251 144.8208 763.3606 354.0163 1.759316 0.615635 0.802065 0.975782 1.451573 6.546174 -4.102589 0.75054455
Pedestrian -1 -1 -4.7109 758.4345 147.5437 825.0671 347.7688 1.722494 0.560191 0.774580 1.696296 1.431099 6.624611 -4.460222 0.57351696
Pedestrian -1 -1 -5.0630 786.9796 156.6932 822.5256 235.4170 1.811022 0.589720 0.725286 4.740339 1.240895 16.909460 -4.789705 0.40834036
Pedestrian -1 -1 -3.8785 0.0000 132.9006 220.0312 373.0000 1.817748 0.701782 0.797398 -2.449623 1.620615 3.387791 -4.504573 0.33626139
Pedestrian -1 -1 -3.8339 0.0000 108.2168 221.7451 373.0000 1.862111 0.755738 0.781779 -2.265931 1.602626 3.019258 -4.477698 0.30355445
Pedestrian -1 -1 -4.9454 707.0394 164.7801 728.3666 213.0872 1.863821 0.686573 0.664261 4.518010 1.219079 28.071808 -4.785871 0.19602568
Pedestrian -1 -1 -5.0446 709.5894 164.0163 730.6417 211.6198 1.863005 0.650985 0.634873 4.681149 1.179116 28.480389 -4.881710 0.12712440
Pedestrian -1 -1 -3.9317 708.4420 164.6389 729.9823 211.0462 1.837133 0.602755 0.604688 4.710645 1.169996 28.858351 -3.769933 0.11992312
Cyclist -1 -1 -4.1459 0.0000 77.5263 234.3662 373.0000 1.900575 0.701191 1.881159 -2.284562 1.623118 2.893742 -4.814204 0.15700853
Cyclist -1 -1 -5.8171 387.5169 174.2438 463.6695 242.7470 1.673729 0.603124 1.776155 -4.447231 1.496969 18.042576 -6.058787 0.10108888
