Car -1 -1 -3.4180 630.1514 173.9322 699.7786 196.7960 1.489249 1.678761 4.361125 3.633863 1.563117 48.375343 -3.343065 0.97385806
Car -1 -1 -5.4315 341.8994 181.2760 423.9509 212.9614 1.379367 1.584845 3.775292 -10.742318 1.794652 33.947941 -5.737961 0.94941020
Car -1 -1 -4.7424 445.8140 183.7373 494.7201 223.3033 1.252249 1.593948 3.414902 -5.072381 1.667261 25.692034 -4.937310 0.92967778
Car -1 -1 -4.5821 12.8779 180.3644 106.1499 241.4731 1.514725 1.632236 3.571834 -15.427135 1.746301 20.321232 -5.231448 0.54903030
Car -1 -1 -3.9716 0.0000 188.2100 30.4690 257.3155 1.549390 1.577799 4.184987 -17.933943 2.002655 19.211300 -4.722637 0.18762274
Car -1 -1 -6.1506 458.6534 160.6722 546.9504 198.8920 2.807956 2.470350 6.300344 -8.016509 1.912675 54.289734 -6.297219 0.12924823
Pedestrian -1 -1 -5.7593 694.2590 165.2983 721.6153 213.3341 1.770703 0.617994 0.818683 3.631599 1.491884 27.092157 -5.626025 0.15605277
Pedestrian -1 -1 -5.9774 694.9908 165.8612 720.2880 212.9657 1.763435 0.634205 0.801339 3.673827 1.501348 27.469212 -5.844464 0.14614636
Pedestrian -1 -1 -5.7670 693.7117 165.6664 720.2199 214.1955 1.762908 0.582668 0.786575 3.539609 1.501506 26.680840 -5.635099 0.12078582
Pedestrian -1 -1 -6.2606 693.8755 168.4736 713.9249 216.1530 1.689953 0.543342 0.702560 3.326658 1.534393 25.895460 -6.132792 0.10685255
