Car -1 -1 -7.5297 258.7721 175.8139 463.6019 309.7097 1.552337 1.623896 3.623274 -3.245021 1.498420 10.017709 -7.843001 0.99965119
Car -1 -1 -4.6896 468.7644 169.4644 494.7929 191.5105 1.472396 1.698466 4.423745 -8.590561 0.735407 49.535255 -4.861331 0.97235268
Pedestrian -1 -1 -7.8750 593.6934 160.8702 620.0511 236.4806 1.792778 0.620149 0.797373 -0.004252 1.327673 17.169855 -7.875257 0.73950040
Pedestrian -1 -1 -3.9135 121.8040 174.3501 172.3773 257.1036 1.781796 0.633530 0.693903 -10.158669 1.649727 15.632067 -4.489744 0.57795811
Pedestrian -1 -1 -3.2843 165.3304 176.0870 206.0005 247.3716 1.732395 0.658408 0.788476 -10.531695 1.625477 17.686951 -3.821338 0.46932289
Pedestrian -1 -1 -3.6358 157.8569 181.0144 196.9789 245.2566 1.688234 0.663538 0.666551 -11.552962 1.702726 19.043318 -4.181094 0.36401033
Pedestrian -1 -1 -3.4201 164.1031 176.1385 207.7222 246.8977 1.750760 0.659838 0.805089 -10.716294 1.643172 18.013411 -3.956718 0.30001202
Pedestrian -1 -1 -3.5838 156.5884 178.2602 199.2429 246.3705 1.747779 0.722962 0.722625 -11.299281 1.690624 18.644318 -4.128604 0.29590550
Pedestrian -1 -1 -3.4035 155.1422 177.9420 198.6256 247.9772 1.758465 0.675758 0.813916 -11.107864 1.694562 18.280468 -3.949533 0.26181284
Pedestrian -1 -1 -3.0108 163.8216 176.3831 203.8631 248.4996 1.717500 0.700049 0.759223 -10.340066 1.619784 17.310680 -3.549270 0.24826300
Pedestrian -1 -1 -7.7500 1119.7086 130.9863 1151.4006 207.6607 1.913553 0.581252 0.690956 13.539443 0.678170 18.096714 -7.107708 0.17706457
Pedestrian -1 -1 -3.6095 123.7150 174.4859 172.7124 256.1208 1.792820 0.622276 0.728953 -10.374785 1.661085 15.999386 -4.184749 0.14005299
Pedestrian -1 -1 -2.8098 144.8622 174.6818 189.1808 252.0394 1.776511 0.624379 0.723114 -10.327545 1.643234 16.622093 -3.365761 0.12923302
Pedestrian -1 -1 -3.8374 136.5762 175.8298 189.1791 250.4745 1.754374 0.688115 0.833220 -10.737229 1.644943 17.120455 -4.397576 0.11583930
Pedestrian -1 -1 -7.6291 1124.8564 134.6122 1161.0144 209.1776 1.882310 0.605329 0.697952 13.885369 0.724252 18.304670 -6.980099 0.11376286
Pedestrian -1 -1 -4.1117 870.2502 147.5488 897.1349 199.2945 1.962144 0.650615 0.758784 10.727449 0.712907 27.292734 -3.737206 0.10906412
Pedestrian -1 -1 -3.9606 164.4477 181.2415 202.9268 243.6733 1.678470 0.655806 0.626947 -11.589168 1.699505 19.393501 -4.499225 0.10111272
Cyclist -1 -1 -3.7801 1104.4644 136.8514 1188.8203 209.3385 1.841957 0.616748 1.699601 13.948279 0.733132 18.286156 -3.128516 0.42138174
Cyclist -1 -1 -3.8341 1103.9578 131.7427 1188.0713 204.0793 1.798722 0.613447 1.692114 13.656568 0.586646 17.922953 -3.182957 0.11033861
Cyclist -1 -1 -6.9379 1108.0948 134.8110 1190.5573 207.0378 1.873219 0.646089 1.678560 14.307011 0.688581 18.661015 -6.283770 0.10569444
