Car -1 -1 -2.2929 0.0000 151.1195 150.4262 373.0000 1.739158 1.675086 4.165835 -5.802905 1.565141 4.993954 -3.153095 0.39806363
Pedestrian -1 -1 -7.3917 136.6131 173.1647 231.7301 324.5453 1.702982 0.651884 0.890445 -4.983236 1.609904 8.546672 -7.919600 0.91731727
Pedestrian -1 -1 -7.5703 200.1258 171.9160 302.4800 372.7594 1.767581 0.678215 0.777603 -3.317155 1.683954 6.763095 -8.026272 0.89569896
Pedestrian -1 -1 -5.0327 415.6814 165.6572 487.7333 314.9663 1.802290 0.650775 0.900129 -1.982289 1.611735 9.223843 -5.244374 0.86454266
Pedestrian -1 -1 -3.9660 266.9271 176.0730 340.3176 285.4157 1.722499 0.786992 0.793698 -4.934718 1.637642 11.824053 -4.361328 0.42055658
Pedestrian -1 -1 -3.9824 288.9196 169.3514 367.7579 300.8406 1.823386 0.664806 0.872409 -4.017862 1.655578 10.487280 -4.348223 0.41697040
Pedestrian -1 -1 -7.8836 335.4761 160.4773 423.4474 373.0000 1.726922 0.586223 0.612646 -1.697042 1.584087 5.292596 -8.193894 0.29062495
Pedestrian -1 -1 -3.9679 248.6636 174.9191 330.9265 330.3241 1.737871 0.588797 0.671942 -3.701361 1.664970 8.446522 -4.380928 0.19324481
Pedestrian -1 -1 -6.2480 226.1669 165.5133 272.4137 270.3597 1.805524 0.673257 0.720488 -6.315720 1.530841 12.824921 -6.705575 0.10006417
Cyclist -1 -1 -4.7787 650.6371 161.5104 675.5007 221.1413 1.856055 0.679491 1.783695 1.951788 1.234313 23.256311 -4.694968 0.29681101
Cyclist -1 -1 -4.9206 481.2224 165.2459 511.1400 223.5148 1.794392 0.581760 1.821025 -3.425218 1.294299 23.075968 -5.067980 0.27090302
