Car -1 -1 -8.3241 758.2950 161.6996 1079.8844 361.7038 1.550799 1.571313 3.300057 2.733520 1.464009 7.322692 -7.966838 0.99583840
Car -1 -1 -8.0022 612.6573 163.5130 681.4384 216.2850 1.494651 1.607423 3.426127 1.015129 1.229788 22.222357 -7.956571 0.98963988
Car -1 -1 -7.9773 736.3862 153.9700 778.2389 186.0807 1.530071 1.599195 3.789822 7.320963 0.629951 36.330921 -7.778492 0.77309930
Car -1 -1 -7.9506 668.7301 156.5202 710.6107 188.1990 1.456274 1.629014 4.125896 3.790405 0.705109 35.240505 -7.843461 0.48532963
Car -1 -1 -8.9740 1134.6238 167.4395 1241.0000 221.8958 1.688619 1.777959 4.586171 21.012583 1.520421 24.830511 -8.271660 0.40452480
Car -1 -1 -8.9872 1136.0830 164.1926 1241.0000 225.1175 1.619495 1.740962 4.382116 18.542664 1.388959 21.535118 -8.276374 0.26149774
Pedestrian -1 -1 -3.6804 828.8229 162.8236 838.5029 197.6512 1.864432 0.498763 0.282028 12.019010 1.327173 38.901821 -3.380743 0.13433175
Pedestrian -1 -1 -4.9839 791.5603 163.0401 811.9855 202.4079 1.745531 0.740883 0.631461 8.541405 1.310093 32.312893 -4.725494 0.12329435
Pedestrian -1 -1 -8.0178 793.0368 159.9543 811.4913 197.6555 1.693406 0.724798 0.568719 8.674197 1.113698 32.726475 -7.758718 0.10739557
Pedestrian -1 -1 -6.3670 818.4207 154.5049 825.0207 187.1576 1.855405 0.528419 0.318498 12.077455 0.812465 41.290047 -6.082482 0.10135224
