Pedestrian -1 -1 -5.1903 697.2557 141.2895 801.8703 335.5351 1.762068 0.626023 0.971360 1.341216 1.406804 6.968426 -5.000139 0.94001812
Pedestrian -1 -1 -7.7462 454.1940 140.5027 487.2845 222.7132 1.868351 0.682657 0.753649 -3.161763 0.959694 16.472197 -7.935863 0.72351021
Pedestrian -1 -1 -4.8985 803.8187 142.3056 877.6387 323.8018 1.753835 0.567661 0.840845 2.349952 1.385179 7.285108 -4.586441 0.71760821
Pedestrian -1 -1 -4.8069 572.1714 136.0820 607.1979 243.9481 1.808195 0.540047 0.678315 -0.321107 1.063979 12.221720 -4.833165 0.62353832
Pedestrian -1 -1 -5.0460 474.7225 142.4312 523.1474 265.6124 1.802144 0.545108 0.644076 -1.669682 1.245588 10.756346 -5.199975 0.59295064
Pedestrian -1 -1 -4.5410 525.0137 136.2135 565.9778 248.0125 1.814273 0.580637 0.665892 -1.036048 1.095973 11.830117 -4.628401 0.45498872
Pedestrian -1 -1 -4.5030 645.7443 142.0857 687.6415 259.5855 1.732742 0.526564 0.598141 0.896916 1.166646 10.788939 -4.420064 0.39793110
Pedestrian -1 -1 -6.3153 274.0866 128.6317 316.9530 239.8473 1.802051 0.558554 0.638064 -5.238041 0.961999 11.846470 -6.731632 0.32991099
Pedestrian -1 -1 -6.6250 617.4645 140.7939 669.5829 258.9833 1.761573 0.507610 0.667416 0.536671 1.170157 10.877572 -6.575675 0.28167474
Pedestrian -1 -1 -4.8306 562.8886 139.3539 592.9363 217.7289 1.823633 0.634956 0.697866 -0.694483 0.866578 16.846558 -4.871833 0.25717553
Pedestrian -1 -1 -3.5746 541.8611 133.2897 591.4655 243.4992 1.816422 0.513708 0.690950 -0.704263 1.038704 12.042751 -3.633033 0.22016437
Pedestrian -1 -1 -4.6177 555.6253 139.5303 583.7719 215.9946 1.820754 0.621589 0.714293 -0.894595 0.845523 17.206223 -4.669648 0.17364305
Pedestrian -1 -1 -3.4206 565.6588 139.5417 614.8148 244.7258 1.815657 0.549771 0.750230 -0.316247 1.109021 12.579481 -3.445705 0.11841647
Pedestrian -1 -1 -3.8657 565.9876 140.5234 604.1569 217.7190 1.852873 0.596154 0.729185 -0.532654 0.893673 17.437723 -3.896259 0.11488660
Pedestrian -1 -1 -2.7456 170.4034 142.6617 296.5337 363.1957 1.714065 0.568993 0.758928 -3.083585 1.420410 5.813468 -3.233275 0.10797750
Pedestrian -1 -1 -4.2084 455.0445 137.0055 495.3155 221.0546 1.863227 0.640715 0.709885 -2.995328 0.899369 16.111841 -4.392163 0.10701144
