Car -1 -1 -7.6334 385.5138 177.1006 501.6875 257.2917 1.492400 1.616928 3.699977 -3.319992 1.429501 15.010910 -7.851072 0.99943691
Car -1 -1 -4.7018 479.4647 170.7108 501.8793 191.5694 1.548777 1.647220 3.914288 -8.794228 0.821918 54.557064 -4.861644 0.79012102
Pedestrian -1 -1 -6.2107 543.2382 167.1763 573.3945 223.5783 1.754133 0.511680 0.913418 -1.499346 1.340042 22.247839 -6.277961 0.32304877
Cyclist -1 -1 -5.7595 270.6885 170.5371 356.0970 235.2772 1.700760 0.966449 1.916015 -7.928600 1.439343 19.179415 -6.151518 0.38825801
Cyclist -1 -1 -4.4490 0.0000 164.2253 123.9834 369.0000 1.778437 0.626276 1.752475 -5.352401 1.640791 6.928047 -5.106765 0.31681094
Cyclist -1 -1 -3.8796 908.7880 139.1999 960.8802 196.9666 1.894980 0.520805 1.665645 11.017713 0.540443 23.690903 -3.444303 0.23796301
Cyclist -1 -1 -6.3993 727.4425 162.2878 769.1615 202.6611 1.812721 0.658211 1.793408 6.480809 0.995204 32.147961 -6.200368 0.20662916
Cyclist -1 -1 -4.7632 916.0466 135.4728 936.5798 187.8093 1.728966 0.559478 1.488830 10.931245 0.241736 24.152956 -4.338248 0.15621516
Cyclist -1 -1 -3.7366 968.0367 133.9804 1042.7452 206.7661 1.789747 0.558097 1.591193 9.986763 0.646191 17.729073 -3.223574 0.14842360
Cyclist -1 -1 -6.6947 913.2741 145.5212 970.8930 202.2639 1.850770 0.566917 1.627786 11.095040 0.710144 23.370871 -6.251481 0.11826541
Cyclist -1 -1 -6.5912 827.4596 154.2585 871.5968 197.0983 1.802542 0.638714 1.658610 10.369890 0.698606 30.089069 -6.259311 0.10887087
Cyclist -1 -1 -4.2691 275.7157 170.8383 332.4100 241.5696 1.776649 0.688998 1.763348 -7.945663 1.534287 18.654819 -4.671738 0.10808279
Cyclist -1 -1 -5.2610 972.3198 132.1266 1032.1215 204.9828 1.755964 0.553819 1.608652 9.956397 0.590409 17.855869 -4.752302 0.10365289
