Pedestrian -1 -1 -6.0642 235.9836 207.4842 355.3359 373.0000 1.314768 0.603860 0.804389 -2.567445 1.545193 5.978882 -6.469840 0.44048375
Pedestrian -1 -1 -8.2318 651.9391 165.6781 672.1846 208.3377 1.852853 0.634100 0.810870 2.653739 1.165953 31.679729 -8.148240 0.32395288
Pedestrian -1 -1 -2.7431 143.1527 209.1807 322.7245 373.0000 1.364307 0.598255 0.913398 -2.487198 1.563744 4.822676 -3.219229 0.18240674
Pedestrian -1 -1 -2.9509 156.1776 187.4772 318.0374 373.0000 1.546864 0.593344 0.669083 -1.949950 1.582530 3.817424 -3.423115 0.17926286
Pedestrian -1 -1 -6.5145 652.4244 165.4527 673.0428 208.1135 1.882958 0.591422 0.801675 2.716919 1.174952 32.056934 -6.429914 0.17063402
Pedestrian -1 -1 -7.2179 245.6260 212.8454 347.9112 367.7583 1.243266 0.518414 0.696798 -2.715273 1.537349 6.324636 -7.623433 0.12235155
Pedestrian -1 -1 -3.0521 92.3948 189.8869 244.4319 373.0000 1.535732 0.617191 0.640288 -2.308600 1.585846 3.809511 -3.596938 0.11963957
Pedestrian -1 -1 -4.0249 147.4876 206.9800 302.9225 373.0000 1.364625 0.561178 0.644839 -2.326837 1.534287 4.390289 -4.512235 0.10471557
Pedestrian -1 -1 -3.2101 655.8705 166.7378 674.8478 208.3478 1.865954 0.569253 0.817164 2.874156 1.204240 32.505577 -3.121940 0.10252691
Pedestrian -1 -1 -4.4331 176.0760 207.7281 292.4189 373.0000 1.309957 0.574093 0.737053 -2.686905 1.516388 5.216226 -4.908725 0.10029723
