Car -1 -1 -4.6403 554.6160 168.8585 584.5928 192.8796 1.473625 1.631131 4.158523 -1.997711 0.698184 46.169727 -4.683496 0.96420568
Pedestrian -1 -1 -7.9091 593.7839 160.8709 620.9890 237.2233 1.787181 0.606306 0.798703 0.098593 1.304858 17.227894 -7.903350 0.79517889
Pedestrian -1 -1 -7.9610 488.2265 153.9459 530.2481 269.0888 1.813318 0.588507 0.895898 -1.572210 1.380021 11.817554 -8.093243 0.78180468
Pedestrian -1 -1 -8.2494 451.9652 158.6203 507.0184 270.9749 1.735979 0.596328 0.841862 -2.024090 1.383106 11.614145 -8.421957 0.61342275
Pedestrian -1 -1 -4.7858 645.5487 154.9604 670.8317 227.9693 1.759767 0.570224 0.652930 1.351832 1.120606 17.641708 -4.709372 0.53916031
Pedestrian -1 -1 -4.2802 672.5200 157.3223 703.5596 224.8588 1.783222 0.602639 0.684447 2.310077 1.145345 19.416088 -4.161779 0.44979972
Pedestrian -1 -1 -7.6449 1052.3353 115.9175 1237.0000 373.0000 1.790635 0.707786 0.833698 3.115239 1.458163 4.191139 -7.005721 0.31861714
Pedestrian -1 -1 -5.4132 27.7091 222.0099 211.2578 373.0000 1.219647 0.593166 1.010991 -3.534907 1.538351 5.215943 -6.008843 0.31027043
Pedestrian -1 -1 -8.3467 703.6909 157.5969 738.5132 223.2055 1.876275 0.665418 0.886877 3.471234 1.193175 21.070187 -8.183440 0.24371774
Pedestrian -1 -1 -4.4715 675.1179 154.5877 703.1783 223.0048 1.766244 0.596711 0.657929 2.284433 1.071994 18.957535 -4.351557 0.17018732
Pedestrian -1 -1 -3.8591 669.1635 157.6462 704.7618 225.9797 1.839336 0.560045 0.804267 2.323490 1.197762 19.793739 -3.742288 0.14306392
Pedestrian -1 -1 -3.8632 0.0000 118.4355 172.3655 373.0000 1.787643 0.692459 0.790323 -2.322278 1.583275 2.780235 -4.559073 0.13742594
Pedestrian -1 -1 -4.4422 648.1860 151.9376 677.1033 227.7209 1.783476 0.543833 0.641758 1.441576 1.088299 17.300386 -4.359025 0.12895778
Pedestrian -1 -1 -3.8909 0.0000 138.0246 177.4115 373.0000 1.753514 0.721340 0.795593 -2.525234 1.591317 3.138302 -4.568424 0.12607102
Cyclist -1 -1 -4.7599 592.3430 161.1315 622.3508 238.6659 1.753737 0.623764 1.801564 0.085747 1.293578 17.161123 -4.754872 0.34834197
Cyclist -1 -1 -5.7921 0.0000 194.2751 271.9097 373.0000 1.563110 0.553751 1.730013 -3.470688 1.663893 5.271248 -6.374407 0.30071816
Cyclist -1 -1 -3.6965 970.5507 117.7062 1237.0000 373.0000 1.792096 0.696222 1.826476 3.140300 1.469390 4.080791 -3.040613 0.15821251
Cyclist -1 -1 -7.6879 703.3307 158.8490 736.1555 226.1489 1.896656 0.675229 1.770923 3.475713 1.258786 21.191275 -7.525360 0.14889522
