Car -1 -1 -7.5596 305.1867 188.8588 445.9841 268.0257 1.455295 1.659115 4.473322 -4.890300 1.546207 15.664306 -7.862158 0.99973029
Car -1 -1 -7.3828 168.5567 189.8353 306.2564 258.2911 1.414529 1.524197 3.253742 -8.498429 1.532469 16.700863 -7.853511 0.99751258
Car -1 -1 -7.2701 0.0000 188.9852 191.0322 328.2905 1.462899 1.717206 4.336913 -7.766207 1.526672 9.900705 -7.935226 0.99605584
Car -1 -1 -7.7633 570.8905 180.0320 605.3071 210.4575 1.586989 1.606419 2.985961 -1.065555 1.316765 39.036377 -7.790541 0.99532473
Car -1 -1 -4.4630 335.4725 185.5217 414.9085 232.7798 1.529657 1.672796 4.253529 -8.163111 1.541580 25.469795 -4.773137 0.89896458
Car -1 -1 -7.1770 230.1749 180.5976 331.2031 229.2072 1.535938 1.562886 3.032655 -11.045649 1.390175 24.377073 -7.602412 0.57022905
Car -1 -1 -2.7835 360.9359 185.4170 451.0305 217.5714 1.482599 1.589734 3.800812 -9.571007 1.492575 34.109940 -3.057077 0.48616406
Car -1 -1 -7.7004 445.2332 156.0301 524.3389 227.4989 2.538477 2.157148 6.253279 -4.772614 1.502002 28.671469 -7.865303 0.16591544
Car -1 -1 -3.8477 0.0000 168.4299 83.1390 375.0000 1.763781 1.776366 4.487298 -7.747526 1.653108 7.015351 -4.682680 0.12343623
Car -1 -1 -3.9656 0.0000 177.9534 67.2518 324.0118 1.631855 1.620791 4.305505 -10.106403 1.550874 10.210197 -4.745889 0.11601938
