Car -1 -1 -8.0508 657.9467 180.4503 753.5451 251.8876 1.538396 1.600609 3.836213 2.205271 1.747628 17.930029 -7.928422 0.99938297
Car -1 -1 -8.1434 697.7601 178.5704 832.2714 280.3677 1.614531 1.553517 3.114342 2.654152 1.732035 13.247658 -7.945671 0.99892080
Car -1 -1 -8.3284 807.2999 188.9630 1180.0626 374.0000 1.506141 1.499928 3.279426 2.977658 1.688022 6.488788 -7.898191 0.99719501
Car -1 -1 -8.0301 637.2038 181.3531 707.4243 229.8645 1.411992 1.594986 4.100976 1.917480 1.717691 23.860703 -7.949894 0.99715000
Car -1 -1 -4.5565 396.9587 184.1440 494.3928 254.1768 1.518399 1.765939 4.469454 -4.147577 1.845941 18.666468 -4.775100 0.99670047
Car -1 -1 -4.5435 444.9986 185.7352 511.4849 233.5065 1.455120 1.621486 3.975986 -4.529328 1.937666 25.050539 -4.722359 0.92655116
Car -1 -1 -7.9371 606.3894 178.5437 630.3266 199.0540 1.472592 1.526193 3.403435 0.575554 1.916105 54.529675 -7.926566 0.26702088
Cyclist -1 -1 -4.0991 0.0000 158.6892 175.8234 374.0000 1.747762 0.613825 1.777020 -2.875519 1.698789 3.391827 -4.802273 0.17763272
Cyclist -1 -1 -2.0858 0.0000 174.6763 222.8733 374.0000 1.743910 0.661626 1.750245 -2.628132 1.752769 3.022688 -2.801514 0.11037421
Cyclist -1 -1 -4.1428 0.0000 164.2155 205.0751 374.0000 1.726007 0.591850 1.807356 -2.337317 1.703327 2.802948 -4.837889 0.10048532
