Car -1 -1 -4.5537 543.7745 169.8917 578.0428 192.1454 1.396082 1.629976 4.037900 -2.607850 0.667900 47.156879 -4.608966 0.63593566
Pedestrian -1 -1 -4.5555 500.1089 158.9798 534.1326 245.2553 1.808425 0.612876 0.798479 -1.845774 1.336950 15.467682 -4.674303 0.74102914
Pedestrian -1 -1 -3.3304 833.2349 140.1935 973.2526 373.0000 1.740313 0.558267 0.922721 2.288758 1.436504 5.659620 -2.946142 0.71539921
Pedestrian -1 -1 -4.7053 654.6328 161.5988 676.3959 225.7976 1.743721 0.589544 0.692091 1.741675 1.203676 19.883217 -4.617912 0.57543147
Pedestrian -1 -1 -3.9317 971.6053 135.5824 1073.9005 320.7735 1.862620 0.554564 0.766278 4.390719 1.401495 7.593091 -3.407441 0.38936216
Pedestrian -1 -1 -4.7995 624.5310 157.7318 648.1336 227.1473 1.777382 0.560052 0.623487 0.869596 1.169314 18.715830 -4.753024 0.33539125
Pedestrian -1 -1 -4.5777 619.4893 159.1441 643.1421 226.9308 1.773080 0.550229 0.644590 0.767147 1.188831 19.154530 -4.537639 0.31345567
Pedestrian -1 -1 -7.8612 573.1464 161.7234 596.1377 231.6719 1.773388 0.583092 0.757422 -0.473608 1.272515 18.599794 -7.886637 0.26707351
Pedestrian -1 -1 -7.4563 99.2633 192.6627 260.1425 373.0000 1.497881 0.590516 0.583495 -2.355265 1.565583 3.978865 -7.990788 0.22433373
Pedestrian -1 -1 -3.3317 649.4329 158.5421 682.1178 225.4919 1.788762 0.566458 0.790103 1.708874 1.175875 19.514669 -3.244308 0.15084173
Pedestrian -1 -1 -3.5522 617.0333 158.6511 652.8184 228.0896 1.858258 0.526613 0.834915 0.878889 1.247296 19.618731 -3.507468 0.14981589
Pedestrian -1 -1 -4.1193 477.3942 159.3226 523.5733 244.5605 1.772932 0.596563 0.879340 -2.204555 1.312220 15.466988 -4.260838 0.14401260
Pedestrian -1 -1 -7.4027 254.4882 210.1073 350.9211 373.0000 1.334590 0.506011 0.538324 -2.344733 1.567567 5.549947 -7.802461 0.11202642
Pedestrian -1 -1 -7.3574 232.7962 209.0054 339.9423 373.0000 1.342949 0.521761 0.536353 -2.323159 1.554372 5.214778 -7.776455 0.10101081
Cyclist -1 -1 -4.7053 573.3665 161.6768 595.4276 233.3507 1.760659 0.541949 1.806519 -0.471346 1.274233 18.553850 -4.730674 0.82708555
