Car -1 -1 -7.6689 420.7530 172.3260 527.8762 259.0091 1.678794 1.616967 3.896055 -2.903000 1.668269 15.925926 -7.849186 0.99992394
Car -1 -1 -4.2667 231.6177 185.5657 321.4961 231.0673 1.559227 1.639487 3.833773 -12.742364 2.081478 27.731997 -4.697446 0.99832040
Car -1 -1 -7.8455 586.2407 173.1312 612.5977 198.7034 1.589833 1.640380 4.236614 -0.706981 1.608415 47.027821 -7.860483 0.99451041
Pedestrian -1 -1 -3.0565 648.2598 162.4161 674.0269 215.8860 1.834600 0.553379 0.851051 1.735659 1.476167 25.095383 -2.987407 0.22810006
Pedestrian -1 -1 -6.9766 679.9521 158.9368 716.9543 218.7811 1.758469 0.636674 0.908360 2.612667 1.349225 21.715578 -6.856851 0.20754975
Pedestrian -1 -1 -2.9846 648.0496 163.4257 673.6357 216.3041 1.840310 0.555525 0.825310 1.751599 1.511881 25.474541 -2.915905 0.18924205
Pedestrian -1 -1 -3.1020 648.4722 160.1911 674.9808 215.4169 1.865201 0.544605 0.884992 1.726875 1.437222 24.688238 -3.032159 0.16611132
Pedestrian -1 -1 -6.1788 661.4664 155.9238 693.3730 216.1210 1.896805 0.524728 0.968084 2.112764 1.363036 23.086988 -6.087537 0.16439311
Pedestrian -1 -1 -6.1597 654.3318 157.3309 684.9360 214.9689 1.877917 0.536192 0.951084 1.928544 1.371855 23.867506 -6.079110 0.13707589
Pedestrian -1 -1 -3.1075 649.2391 157.9141 677.4576 214.8013 1.889709 0.541313 0.930507 1.752661 1.393127 24.286860 -3.035465 0.13676068
Pedestrian -1 -1 -6.2695 673.4026 156.5797 708.5142 217.7048 1.888526 0.531629 1.081253 2.491335 1.385413 22.622969 -6.159819 0.10519026
Pedestrian -1 -1 -5.9581 663.6982 157.5215 696.9792 215.2220 1.840966 0.536067 0.956365 2.240374 1.351474 23.460863 -5.862870 0.10047179
Cyclist -1 -1 -2.6127 662.8558 159.4294 725.1580 223.6785 1.871751 0.626100 1.799117 2.477978 1.480356 21.809782 -2.499529 0.19267909
