Car -1 -1 -7.5964 334.5300 177.4769 486.3071 277.5609 1.490661 1.627939 3.786260 -3.264686 1.446026 12.424500 -7.853362 0.99973410
Car -1 -1 -4.7035 473.3825 169.5605 497.6001 190.9278 1.499010 1.680092 4.200032 -8.735009 0.731580 51.808777 -4.870542 0.92916256
Car -1 -1 -6.9880 1157.2274 147.2894 1223.0000 190.2118 1.596069 1.655877 4.232592 23.960075 0.361376 27.157665 -6.265100 0.28445452
Car -1 -1 -8.5386 1107.2759 144.3822 1223.0000 191.0595 1.722827 1.674558 3.735474 22.035765 0.389989 27.978821 -7.871492 0.17421597
Pedestrian -1 -1 -4.1818 203.9689 172.8242 249.9789 246.2491 1.842900 0.691409 0.888739 -9.759688 1.650565 18.203646 -4.673899 0.79148459
Pedestrian -1 -1 -7.7756 567.6506 160.2694 591.2184 227.6154 1.818221 0.586969 0.867965 -0.738643 1.272341 19.534607 -7.813353 0.73710155
Pedestrian -1 -1 -3.1923 238.8830 174.6546 273.9432 239.5976 1.775480 0.731640 0.845677 -9.830957 1.615980 19.855820 -3.652025 0.71515268
Pedestrian -1 -1 -7.5847 1005.2142 140.6981 1036.2604 204.9800 1.839917 0.621443 0.696632 12.135875 0.700982 20.703197 -7.054530 0.24036534
Pedestrian -1 -1 -4.0554 188.1730 173.4114 240.0244 241.8037 1.789853 0.814980 0.945294 -10.547361 1.604657 19.032309 -4.561411 0.17889103
Pedestrian -1 -1 -8.5680 1137.4531 144.2133 1166.8921 194.3947 1.881976 0.620713 0.632713 20.742769 0.521339 26.850117 -7.910224 0.17840144
Pedestrian -1 -1 -8.2244 1133.7094 142.7775 1162.0747 193.5027 1.861065 0.647263 0.645444 20.187119 0.477305 26.341389 -7.570514 0.14786763
Pedestrian -1 -1 -8.5439 1144.7048 142.4624 1174.8971 193.1393 1.874407 0.631457 0.631090 20.737614 0.467737 26.475431 -7.879473 0.13602769
Pedestrian -1 -1 -3.7017 191.3011 176.8557 229.8821 237.3466 1.818903 0.706866 0.781647 -12.177086 1.709611 21.772818 -4.211596 0.13415895
Cyclist -1 -1 -5.9882 270.0168 169.4457 359.1617 242.6037 1.715184 0.715245 1.858626 -7.005828 1.456350 17.021263 -6.378613 0.79291666
Cyclist -1 -1 -6.9889 1089.1373 137.3949 1184.3628 222.7574 1.809206 0.558714 1.691716 11.460136 0.895968 15.317891 -6.346616 0.54672849
Cyclist -1 -1 -3.6489 987.5675 141.4118 1057.2889 206.2709 1.869902 0.606285 1.674551 12.171638 0.743279 20.707638 -3.117475 0.46241069
Cyclist -1 -1 -4.8613 189.7316 176.1917 224.3013 240.2011 1.854130 0.637421 1.871718 -12.103846 1.729630 21.414391 -5.375754 0.33792138
Cyclist -1 -1 -6.6310 791.8341 157.9749 836.9164 200.8094 1.849313 0.610698 1.786442 9.113235 0.877030 30.884926 -6.344027 0.18021254
Cyclist -1 -1 -7.8693 567.5873 160.2441 591.2351 229.0408 1.815441 0.619334 1.835360 -0.763329 1.281232 19.591091 -7.908268 0.15780568
Cyclist -1 -1 -3.7214 986.0915 139.9794 1057.1511 205.7257 1.860260 0.615869 1.703712 11.942375 0.714051 20.355049 -3.190779 0.11526137
