Car -1 -1 -7.7525 469.4333 164.4629 527.4199 217.5886 1.917463 1.823592 4.196139 -3.958631 1.302931 28.058626 -7.892698 0.25272411
Car -1 -1 -4.6692 558.0773 164.2815 585.1320 192.4529 2.038927 1.857706 4.208221 -2.190089 0.792668 54.096737 -4.709699 0.12592788
Pedestrian -1 -1 -6.5725 533.1750 163.5854 593.1309 262.4118 1.801698 0.675172 0.978084 -0.772194 1.475704 13.579393 -6.629291 0.92529839
Pedestrian -1 -1 -5.0326 945.1091 151.1661 994.9952 254.2245 1.777313 0.597448 0.698076 6.500220 1.254802 12.778025 -4.562058 0.81001955
Pedestrian -1 -1 -4.0460 988.0933 151.1296 1056.7974 271.9150 1.718632 0.525599 0.748190 6.162943 1.287153 10.603352 -3.519546 0.80939180
Pedestrian -1 -1 -4.7727 877.1228 154.0565 952.9981 349.7850 1.651092 0.577454 0.761493 2.767951 1.420315 6.515048 -4.370953 0.80624223
Pedestrian -1 -1 -3.9352 194.5841 174.9321 293.8532 339.1883 1.599902 0.574244 0.729158 -3.729023 1.536638 7.431918 -4.400277 0.76500851
Pedestrian -1 -1 -8.2420 764.7055 157.1070 853.9625 350.5093 1.646350 0.539201 0.717252 1.809254 1.439427 6.502437 -7.970609 0.74287593
Pedestrian -1 -1 -5.3256 1121.9873 140.1586 1195.6367 266.1274 1.756352 0.568830 0.645834 7.967095 1.180598 10.350358 -4.669597 0.70229065
Pedestrian -1 -1 -8.0733 717.4249 158.2335 748.3656 235.4168 1.733008 0.560099 0.686198 2.971443 1.211156 16.483170 -7.894958 0.65154564
Pedestrian -1 -1 -6.4787 129.7056 167.8217 218.2655 317.5514 1.619942 0.571014 0.775646 -4.952430 1.472652 8.243763 -7.019692 0.40370643
Pedestrian -1 -1 -6.4928 120.6506 160.6336 213.1147 307.8637 1.653272 0.580685 0.839661 -5.226271 1.419651 8.565714 -7.040604 0.25241643
Pedestrian -1 -1 -5.6174 0.0000 155.5345 143.6281 345.0077 1.707253 0.648796 1.085322 -5.138838 1.474009 6.807282 -6.264075 0.10555536
Cyclist -1 -1 -5.1138 745.1735 156.1772 889.0756 370.3102 1.633080 0.573243 1.700152 1.775712 1.440692 6.358263 -4.841451 0.10698622
Cyclist -1 -1 -4.9319 713.6564 159.4013 754.8792 238.0584 1.696761 0.541626 1.781797 2.968742 1.220622 16.396769 -4.752833 0.10120138
