Car -1 -1 -4.2727 121.0902 192.4816 381.3559 333.1011 1.471496 1.661016 3.969415 -4.716500 1.799765 10.091858 -4.709877 0.99966300
Car -1 -1 -8.0940 724.6217 179.1007 846.6562 256.6013 1.451219 1.613830 4.230463 3.659853 1.607688 15.980837 -7.868824 0.99936754
Car -1 -1 -4.4091 325.2573 186.6662 456.6142 268.6546 1.484552 1.622509 3.892734 -4.638299 1.821980 15.683712 -4.696631 0.99920481
Car -1 -1 -8.1677 781.7166 180.3305 974.9296 302.0004 1.459320 1.574642 3.602791 3.677538 1.588618 10.692204 -7.836398 0.99905676
Car -1 -1 -4.4687 404.3029 184.8449 496.3727 241.8714 1.425940 1.631661 4.296387 -4.588742 1.812821 21.126686 -4.682607 0.99831843
Car -1 -1 -8.0153 704.0181 178.0174 781.5830 234.2301 1.471557 1.598585 3.997050 3.757063 1.637824 21.267004 -7.840397 0.99714845
Car -1 -1 -4.5626 509.2232 178.2762 550.8060 209.0485 1.465794 1.582437 3.685249 -4.078213 1.756874 36.901905 -4.672630 0.99348056
Car -1 -1 -8.4598 915.0734 189.7838 1241.0000 374.0000 1.469211 1.548941 3.613934 3.711009 1.635635 5.294463 -7.848464 0.98697740
Car -1 -1 -8.0441 684.8565 175.4852 732.4700 211.7740 1.535699 1.513197 3.319655 4.345942 1.660050 32.481480 -7.911043 0.94189775
Car -1 -1 -7.9778 695.0343 177.0507 748.9384 219.8362 1.486864 1.566960 3.555421 4.112730 1.655367 27.224724 -7.827902 0.83375818
Car -1 -1 -8.9326 1052.0139 175.0114 1192.0068 217.6183 1.426064 1.594896 3.891521 18.595654 1.511143 26.458939 -8.320037 0.75363880
Car -1 -1 -8.7415 906.4633 173.4832 979.2964 203.2708 1.456658 1.468833 3.186628 17.026381 1.490249 37.112267 -8.311331 0.51708406
Car -1 -1 -4.5762 529.3419 177.5183 564.8245 203.7247 1.429247 1.546884 3.892969 -3.655392 1.713523 42.039375 -4.662973 0.16233435
Car -1 -1 -8.9232 907.2779 173.5971 982.8172 201.9986 1.486451 1.517534 3.465681 18.349483 1.528939 39.704254 -8.490313 0.13725227
Pedestrian -1 -1 -6.5398 671.4948 171.7364 682.7573 193.9057 1.803767 0.487928 0.819887 5.462738 1.712533 59.014313 -6.447471 0.13746399
