Car -1 -1 -7.9872 629.7052 180.4582 684.4199 221.4147 1.422047 1.582775 3.890694 1.696113 1.735687 27.791479 -7.926227 0.99949408
Car -1 -1 -2.4603 0.0000 172.6012 233.1018 338.4295 1.745528 1.694904 3.961073 -6.893412 1.742567 8.448576 -3.144693 0.99640214
Car -1 -1 -3.7900 857.2607 186.5389 1224.7236 311.3641 1.479998 1.662833 4.181330 5.700806 1.687644 9.878469 -3.266551 0.99512237
Car -1 -1 -5.6921 0.0000 152.9168 325.2072 289.5903 1.922778 1.737573 4.287459 -6.918409 1.641994 11.090588 -6.249873 0.98975241
Car -1 -1 -6.8206 787.0240 186.6892 1052.5796 282.3323 1.490616 1.654635 4.007890 5.285904 1.754350 12.667167 -6.425297 0.98488903
Car -1 -1 -7.0517 1007.5717 187.0923 1241.0000 360.4806 1.497708 1.625592 3.827277 6.310290 1.659611 7.301593 -6.338972 0.98288959
Car -1 -1 -2.8959 299.1147 181.2122 455.9746 231.8209 1.455828 1.628169 4.288856 -7.039204 1.721583 22.018555 -3.205342 0.97683674
Car -1 -1 -7.9015 615.0674 176.0015 644.6321 203.8421 1.566790 1.575793 3.654957 1.106224 1.761528 42.867180 -7.875665 0.93664652
Car -1 -1 -2.8626 332.8602 181.9232 472.9482 226.9437 1.430122 1.607122 4.208730 -6.872339 1.742226 24.049644 -3.140937 0.88310850
Car -1 -1 -7.1473 1146.2775 185.5722 1241.0000 374.0000 1.557150 1.646975 3.919921 6.164147 1.658696 4.882966 -6.246400 0.69493949
Car -1 -1 -6.5628 770.2401 165.0935 996.5393 264.0199 1.918093 1.721311 4.072603 5.470183 1.767324 14.991486 -6.212903 0.38510954
Car -1 -1 -5.0847 776.2663 166.8202 950.1505 278.3296 1.830833 1.641299 4.409749 4.632249 1.731466 14.093124 -4.767100 0.21372890
Car -1 -1 -5.4233 1133.3389 184.2519 1241.0000 374.0000 1.515723 1.651316 4.117613 4.801511 1.611454 3.907216 -4.535597 0.10342079
Cyclist -1 -1 -7.6545 463.5745 169.2446 498.7024 244.1693 1.830479 0.539220 1.838153 -3.341941 1.741997 18.552414 -7.832720 0.96282434
