Car -1 -1 -8.0634 705.8827 186.6052 817.3237 268.0424 1.445140 1.580970 3.329803 2.980543 1.763517 15.045553 -7.867784 0.99899799
Car -1 -1 -2.5183 0.0000 183.4104 306.2007 310.3894 1.563582 1.657744 3.967624 -6.572160 1.721983 9.941374 -3.102413 0.99239045
Car -1 -1 -2.8346 292.5773 179.4820 450.9546 240.1308 1.556822 1.640988 3.753332 -6.411099 1.743760 19.544035 -3.151547 0.98607498
Car -1 -1 -5.4911 0.0000 184.5149 265.8524 349.5977 1.487108 1.642773 4.137339 -6.157757 1.628510 7.708745 -6.165139 0.98066026
Car -1 -1 -7.9099 634.2297 164.6489 674.4559 207.2085 2.331637 2.036495 5.336596 2.482632 1.881818 42.200745 -7.851104 0.96461320
Car -1 -1 -5.6739 130.8072 182.5315 397.6433 281.1280 1.549587 1.644736 4.022311 -6.053801 1.734992 12.704906 -6.118516 0.94191402
Car -1 -1 -5.7301 202.9417 173.1477 424.9545 266.0251 1.744920 1.684525 3.883989 -6.011459 1.751078 14.713258 -6.117960 0.92266923
Car -1 -1 -3.6037 757.2231 189.4825 897.2965 239.6423 1.403574 1.604813 3.779700 6.544794 1.937106 22.047138 -3.315123 0.88956845
Car -1 -1 -3.3227 697.7932 177.6380 803.5372 212.3921 1.527596 1.682397 4.486518 6.291503 1.750546 32.811394 -3.133235 0.86060697
Car -1 -1 -7.6895 485.1302 180.4281 524.4298 209.4313 1.440598 1.553972 3.270007 -5.587267 1.860195 38.350945 -7.834138 0.33661637
Car -1 -1 -7.7832 510.9074 177.1220 538.7397 203.3970 1.581087 1.521787 3.287411 -5.389754 1.860681 45.640675 -7.900720 0.22501366
Car -1 -1 -2.9910 475.3759 176.5183 539.7564 202.4265 1.558205 1.613247 3.728203 -6.310692 1.787845 44.453316 -3.132052 0.21292150
Car -1 -1 -6.3712 402.2906 181.4868 493.6418 220.5518 1.457945 1.617023 3.425135 -6.526303 1.817624 28.793850 -6.594084 0.16059834
Car -1 -1 -2.8562 444.5659 179.9919 524.2031 208.8635 1.431879 1.558844 3.765566 -6.494883 1.809922 37.258636 -3.028772 0.15808314
