Car -1 -1 -8.0357 662.3754 179.9590 762.8182 251.0513 1.468436 1.627258 4.235974 2.291386 1.661617 17.491760 -7.905396 0.99983311
Car -1 -1 -2.7392 162.0817 188.5087 404.0932 268.1358 1.447214 1.640886 4.053532 -6.391918 1.775895 14.306787 -3.159322 0.99828374
Car -1 -1 -7.9263 637.4215 174.1693 679.9474 213.1278 1.641790 1.614972 4.000538 2.095158 1.704483 32.549259 -7.861975 0.99750358
Car -1 -1 -2.6183 16.4710 192.9994 345.8728 290.8641 1.427008 1.670206 4.351829 -6.823565 1.777304 11.712882 -3.145802 0.99376959
Car -1 -1 -5.8423 250.9595 184.1090 426.1655 239.4238 1.394642 1.567897 4.169766 -7.323854 1.713865 19.531771 -6.201095 0.86171281
Car -1 -1 -6.0290 389.0249 179.9731 497.9710 217.2210 1.480235 1.623921 4.120099 -6.880918 1.783274 29.874987 -6.255415 0.61425894
Car -1 -1 -7.2333 1176.3132 159.0521 1241.0000 374.0000 1.632059 1.706202 4.053953 5.956326 1.567406 4.225016 -6.279430 0.17952298
Car -1 -1 -3.8970 0.0000 182.3985 80.0866 374.0000 1.594120 1.679673 4.486384 -7.901178 1.720339 7.314089 -4.720982 0.13408042
Pedestrian -1 -1 -4.0649 0.0000 147.1805 146.3176 374.0000 1.726049 0.646264 0.680368 -2.923060 1.609422 3.619593 -4.744216 0.18173701
Pedestrian -1 -1 -4.0272 0.0000 170.2166 151.5074 374.0000 1.672746 0.640929 0.661131 -3.102596 1.659238 3.950281 -4.693013 0.16913114
Pedestrian -1 -1 -4.0724 0.0000 131.7222 131.1379 374.0000 1.770847 0.655841 0.743460 -2.761653 1.609242 3.222926 -4.780854 0.11275134
Cyclist -1 -1 -4.1176 0.0000 152.7549 171.2893 374.0000 1.717698 0.594947 1.827292 -2.956581 1.646134 3.498484 -4.819251 0.12929705
Cyclist -1 -1 -5.4467 1128.6134 114.6877 1241.0000 374.0000 1.885698 0.650564 1.839982 4.095171 1.603625 4.419462 -4.699398 0.12551962
Cyclist -1 -1 -3.7918 1120.3440 134.9835 1241.0000 374.0000 1.770887 0.770369 1.839211 4.302984 1.562836 4.449438 -3.023093 0.11710767
