Car -1 -1 -4.6235 563.0452 170.3632 594.6003 194.8899 1.442897 1.593868 4.062886 -1.349458 0.787834 44.333916 -4.653927 0.96970797
Car -1 -1 -4.0170 1012.4924 71.4759 1237.0000 373.0000 2.155607 1.923238 5.473820 6.134476 1.530457 5.062972 -3.136157 0.15390070
Pedestrian -1 -1 -4.7005 474.3471 156.6781 522.7354 295.0382 1.826200 0.635202 0.922456 -1.472746 1.499246 9.980914 -4.847011 0.96226281
Pedestrian -1 -1 -8.0276 608.6599 156.9420 639.6586 237.8324 1.802529 0.576894 0.799666 0.474562 1.255846 16.444363 -7.998724 0.90708345
Pedestrian -1 -1 -4.4581 421.8778 157.0321 484.2245 298.3943 1.802983 0.626958 0.843482 -2.012981 1.491584 9.598062 -4.664828 0.90256071
Pedestrian -1 -1 -5.3721 1086.2483 95.3457 1237.0000 373.0000 1.892975 0.683163 0.977694 4.150401 1.324545 5.238018 -4.702068 0.75727105
Pedestrian -1 -1 -4.3064 688.5275 155.5468 719.7826 224.1391 1.742119 0.584694 0.680651 2.640481 1.083474 18.687092 -4.166079 0.68511498
Pedestrian -1 -1 -4.7261 664.6418 155.5505 690.6581 234.5554 1.753166 0.575020 0.728427 1.687252 1.177888 16.328669 -4.623173 0.67054003
Pedestrian -1 -1 -5.1952 251.5110 199.5517 368.6620 373.0000 1.496547 0.590389 0.836121 -2.511754 1.661815 6.053629 -5.588469 0.57395834
Pedestrian -1 -1 -4.8591 723.0402 153.7198 750.9684 219.6056 1.839002 0.671267 0.786682 3.820530 1.064091 20.455927 -4.674474 0.45926142
Pedestrian -1 -1 -3.5374 645.2083 155.6650 689.6108 233.9759 1.855660 0.549662 0.931983 1.559979 1.244011 17.424339 -3.448104 0.43135247
Pedestrian -1 -1 -3.3136 651.5701 156.5903 691.5151 231.8803 1.836407 0.526293 0.907945 1.696688 1.229364 17.818331 -3.218701 0.21093491
Pedestrian -1 -1 -3.9617 648.4322 154.9888 691.8198 235.2047 1.841400 0.579521 0.878088 1.590508 1.233369 16.998058 -3.868371 0.20409819
Pedestrian -1 -1 -4.5394 623.6499 162.0754 644.9354 215.4731 1.767025 0.602312 0.720871 1.083907 1.124656 24.188005 -4.494660 0.19684702
Pedestrian -1 -1 -5.1771 187.8412 217.1254 329.4019 373.0000 1.356030 0.564398 1.166135 -2.842718 1.673950 5.817911 -5.631577 0.11788288
Cyclist -1 -1 -3.6755 59.1198 217.5042 278.2162 373.0000 1.390271 0.547767 1.216843 -3.049154 1.678630 5.073114 -4.216731 0.19386132
Cyclist -1 -1 -5.4169 1052.2808 92.0000 1237.0000 373.0000 1.808118 0.698013 1.895911 4.161573 1.282800 5.179574 -4.740077 0.13288532
