Car -1 -1 -7.7327 491.2254 174.0228 541.2032 212.8251 1.503763 1.610766 3.761667 -3.637395 1.252976 29.284040 -7.856309 0.99898881
Car -1 -1 -7.0251 1120.9788 136.0100 1223.0000 207.6404 1.498338 1.605818 4.223966 14.040957 0.568063 15.612706 -6.292676 0.24318409
Car -1 -1 -8.2984 900.7338 154.3105 953.9399 182.9684 1.726530 1.650242 3.588392 20.170227 0.148801 44.405846 -7.872084 0.22150615
Car -1 -1 -8.3561 958.3989 153.0295 1024.2664 186.2654 1.962602 1.767403 4.210225 23.859703 0.340547 43.860310 -7.857881 0.21232231
Car -1 -1 -8.2172 857.9398 155.3727 906.1518 182.7997 1.673658 1.645068 3.689104 17.562107 0.140421 44.997395 -7.845112 0.15519010
Pedestrian -1 -1 -7.9752 457.9928 168.3326 470.9019 203.6247 1.758085 0.582989 0.472436 -7.084146 1.152123 35.537334 -8.171925 0.10828515
Cyclist -1 -1 -7.3162 339.1487 176.8023 377.5307 221.5326 1.789027 0.663181 1.817804 -10.203599 1.641356 29.235981 -7.652009 0.51779628
Cyclist -1 -1 -6.3831 652.9735 164.1104 687.6016 199.8706 1.870677 0.583270 1.768016 3.419684 1.013451 37.286003 -6.291635 0.31670052
Cyclist -1 -1 -6.3039 659.9974 164.3169 692.7778 198.5433 1.801049 0.606879 1.719595 3.769565 0.949607 37.576683 -6.203928 0.24615529
Cyclist -1 -1 -6.2270 575.3735 165.0362 605.1481 195.8834 1.885845 0.700952 1.800272 -0.910400 0.940550 43.607483 -6.247855 0.12847953
Cyclist -1 -1 -7.0012 970.4006 151.4702 1024.8763 200.7108 1.799628 0.708011 1.740420 14.607219 0.738905 26.370298 -6.495358 0.11106219
