Car -1 -1 -6.1910 643.5126 168.1893 775.6118 213.6043 1.489405 1.643843 4.397780 3.617315 1.085943 24.506548 -6.044485 0.99379188
Car -1 -1 -4.3035 323.6794 175.9712 377.7100 205.7111 1.706225 1.647579 3.897287 -15.245675 1.446509 42.562504 -4.647430 0.98825979
Car -1 -1 -4.6969 450.4811 174.1134 475.5478 195.9660 1.428463 1.612138 3.931604 -9.668482 1.011038 48.297554 -4.894484 0.97774702
Car -1 -1 -7.0939 0.0000 206.6384 295.4752 369.0000 1.454484 1.586727 3.756437 -3.216449 1.653306 3.477460 -7.840324 0.83147597
Pedestrian -1 -1 -8.5277 1049.7728 149.4677 1089.8761 223.0157 1.780595 0.595003 0.577852 11.411447 1.029631 17.433262 -7.948142 0.55529463
Pedestrian -1 -1 -5.4328 1165.3259 148.5972 1205.4567 219.6375 1.730569 0.543448 0.544100 14.320068 0.953732 17.505325 -4.747171 0.46856493
Pedestrian -1 -1 -5.4794 1103.1987 149.9077 1139.3396 221.1546 1.734076 0.516357 0.504274 12.726299 0.989818 17.494129 -4.850515 0.32953307
Pedestrian -1 -1 -5.3073 993.7141 141.9918 1065.9941 272.1155 1.773893 0.592028 0.684965 5.939345 1.249334 9.998047 -4.771223 0.19992852
Pedestrian -1 -1 -4.1472 1097.3964 149.4924 1140.5721 230.1959 1.786087 0.594213 0.540706 11.599340 1.100186 16.024115 -3.520658 0.19617730
Pedestrian -1 -1 -5.0747 1114.5133 151.6157 1145.7024 222.8680 1.755024 0.516508 0.401186 13.081861 1.043897 17.678543 -4.437678 0.11316857
