Car -1 -1 -2.7152 164.3060 180.7683 398.6868 259.2981 1.429827 1.606552 3.853855 -6.348720 1.593194 14.110997 -3.137943 0.99900073
Car -1 -1 -3.7979 948.4819 163.2635 1241.0000 332.8971 1.751584 1.727787 4.289635 6.394533 1.652255 8.315994 -3.142397 0.99636239
Car -1 -1 -2.8780 309.0311 169.3423 474.0710 237.6535 1.748868 1.683117 3.937179 -5.811771 1.658663 19.368536 -3.169477 0.99501836
Car -1 -1 -2.3739 0.0000 190.2039 151.5972 364.2184 1.468052 1.617195 4.104072 -7.148048 1.659104 7.107309 -3.162117 0.93999255
Car -1 -1 -8.0016 678.0873 133.4746 799.5875 253.5345 2.514641 2.070893 5.763757 2.920523 1.689544 18.007784 -7.840820 0.90968448
Car -1 -1 -7.9540 641.2781 155.4578 696.0430 212.4791 2.533170 2.055590 5.722785 2.691993 1.760044 34.938606 -7.877060 0.76654881
Car -1 -1 -6.4305 628.2069 160.7616 763.9074 215.0648 2.441517 2.172988 6.019441 3.875867 1.897531 33.624802 -6.315748 0.62908030
Car -1 -1 -3.2508 412.1418 171.0030 500.5758 209.8008 1.712987 1.686851 3.823771 -7.136240 1.630963 33.260036 -3.462185 0.60125566
Car -1 -1 -6.1073 437.1530 176.2327 526.7867 206.3041 1.490752 1.617945 4.280144 -6.512532 1.666384 36.761505 -6.282617 0.53589177
Car -1 -1 -7.1365 1164.4141 158.0138 1241.0000 341.8211 1.729359 1.754041 4.470172 8.744406 1.589434 7.671465 -6.285793 0.10296521
