Car -1 -1 -8.5897 742.6332 173.9594 860.5391 223.3878 1.470793 1.561726 3.813251 6.113729 1.509813 23.613199 -8.336323 0.99886477
Car -1 -1 -8.0295 623.5978 175.0239 668.6501 206.3735 1.461231 1.616694 3.603067 1.698620 1.574228 35.783176 -7.982053 0.99760157
Car -1 -1 -2.6929 146.9180 174.5062 359.2387 257.5234 1.579373 1.613312 3.492109 -7.144252 1.614331 14.578367 -3.148538 0.99733186
Car -1 -1 -2.7867 265.1856 160.0715 456.3626 237.2180 1.946614 1.786694 4.454598 -6.555976 1.623778 19.155287 -3.116503 0.97469836
Car -1 -1 -2.3622 0.0000 186.5773 190.6179 353.8585 1.483091 1.581678 3.739099 -6.681359 1.640528 7.417101 -3.095429 0.93079031
Car -1 -1 -2.7597 197.1323 178.8160 407.2943 246.8453 1.455807 1.636588 4.091557 -6.942503 1.598445 16.444582 -3.159191 0.90767217
Car -1 -1 -7.9239 609.0880 174.4335 638.0199 198.8103 1.454050 1.556226 3.543162 0.777604 1.556403 45.083637 -7.906683 0.89805347
Car -1 -1 -2.9172 382.7348 175.9729 488.6050 212.2621 1.505976 1.637258 4.152129 -7.454866 1.643030 30.932165 -3.153747 0.78129667
Car -1 -1 -5.4360 0.0000 169.2310 170.9701 374.0000 1.602139 1.673696 4.510236 -5.798067 1.581877 4.868864 -6.308312 0.70451230
Car -1 -1 -3.1505 427.0740 175.7764 500.7751 204.0062 1.519841 1.665147 3.956250 -8.189036 1.687829 40.325386 -3.350886 0.19450825
Car -1 -1 -7.9331 446.0937 178.1923 488.2177 212.4574 1.398243 1.554413 3.332090 -6.383593 1.646823 31.824137 -8.131042 0.11719893
