Car -1 -1 -7.6568 402.8066 178.0786 502.7766 246.0846 1.524196 1.667827 4.216115 -3.831068 1.364393 18.227739 -7.863927 0.99966145
Car -1 -1 -7.5141 248.8641 179.7450 448.7684 306.5393 1.533119 1.622221 3.486091 -3.575419 1.467127 10.443021 -7.843995 0.99944109
Car -1 -1 -8.0405 694.5007 181.8292 804.8084 255.9985 1.408477 1.625366 3.763314 2.871587 1.344325 15.535771 -7.857699 0.99940085
Car -1 -1 -7.2491 0.0000 185.9328 224.3383 298.8516 1.461594 1.617944 3.769452 -7.842604 1.474826 11.217649 -7.859243 0.99819309
Car -1 -1 -7.6956 470.1162 178.0276 525.4754 218.0868 1.524011 1.628960 3.948796 -4.450672 1.250704 29.328800 -7.846204 0.99811351
Car -1 -1 -7.9556 639.9603 176.7209 679.2327 205.5898 1.426271 1.622210 4.180213 2.623706 1.006744 37.630199 -7.885953 0.98428094
Car -1 -1 -7.8997 586.3651 175.3564 614.0599 199.3894 1.496918 1.618303 3.850139 -0.553145 0.882982 46.743038 -7.911579 0.98021919
Car -1 -1 -7.8063 513.2270 177.2147 543.6650 204.4335 1.495233 1.573052 3.560952 -4.550344 1.055867 41.315285 -7.915987 0.92253923
Car -1 -1 -3.9840 0.0000 133.3406 79.8379 286.5214 2.353776 2.042194 5.423314 -13.124334 1.556820 13.789159 -4.744685 0.25107831
Car -1 -1 -2.4446 0.0000 153.5233 153.7875 301.9239 1.815606 1.778250 4.897933 -9.308428 1.428022 9.831679 -3.202625 0.22854704
Car -1 -1 -2.2657 0.0000 109.5532 88.2717 356.6516 2.260987 2.032760 5.656346 -9.107035 1.568821 7.594396 -3.141460 0.16309732
Car -1 -1 -2.3499 0.0000 132.6507 91.9152 283.6205 2.609592 2.189895 6.235057 -13.658674 1.701135 13.524888 -3.140265 0.12671255
Car -1 -1 -2.1990 0.0000 87.2814 74.2506 375.0000 2.365152 2.095963 5.848863 -8.416129 1.655923 6.296067 -3.127519 0.10759057
