Car -1 -1 -4.4394 360.9301 185.5020 478.7079 257.0008 1.451999 1.665424 4.251350 -4.506446 1.796985 17.554506 -4.690696 0.99942088
Car -1 -1 -8.1391 768.9865 183.5183 930.5865 288.1454 1.485561 1.616809 3.706487 3.887804 1.697475 12.491768 -7.837344 0.99924421
Car -1 -1 -8.0145 701.6880 178.8861 773.5307 230.5428 1.485204 1.613333 4.179012 3.973962 1.697476 23.330826 -7.845794 0.99886262
Car -1 -1 -8.3830 852.1179 178.6965 1221.8712 374.0000 1.586262 1.585621 3.501747 3.861910 1.660055 7.364805 -7.900029 0.99840063
Car -1 -1 -8.0329 729.4345 180.2525 821.2425 248.2503 1.487607 1.581075 3.654589 3.965687 1.691360 18.044657 -7.816582 0.99833506
Car -1 -1 -4.5885 538.5240 177.9780 572.1082 203.2463 1.458333 1.604555 3.787240 -3.353606 1.786732 44.355831 -4.663959 0.99274594
Car -1 -1 -4.5338 437.4961 183.5651 509.6904 235.0310 1.446506 1.598674 3.855804 -4.302786 1.816585 23.017036 -4.718639 0.98899734
Car -1 -1 -4.5386 472.9628 181.7245 533.1813 223.1176 1.452498 1.630527 4.243640 -4.163327 1.827480 28.381878 -4.684210 0.98669529
Car -1 -1 -7.9710 687.1156 176.7058 728.1575 210.4065 1.523636 1.548817 3.536562 4.618558 1.718651 34.807682 -7.839125 0.30547443
Car -1 -1 -8.0103 692.1977 179.2611 744.9570 219.8460 1.461839 1.515524 3.414498 4.143457 1.727590 28.246132 -7.864676 0.27612644
Car -1 -1 -8.6888 869.0057 173.8244 929.8645 201.8594 1.714909 1.592689 3.428366 18.431219 1.779228 46.157303 -8.308878 0.19976793
Car -1 -1 -8.0272 683.3671 176.9479 725.2852 206.6260 1.472698 1.558261 3.830625 4.912414 1.700713 38.290920 -7.899585 0.15398785
