Car -1 -1 -4.1702 224.9938 177.6062 316.9455 224.1804 1.830748 1.649274 4.071114 -14.026675 1.717225 29.902742 -4.608780 0.98605758
Car -1 -1 -4.8009 438.3370 174.2609 474.4836 202.2608 1.423556 1.576182 3.591746 -8.017365 1.106505 37.895332 -5.009387 0.97965676
Car -1 -1 -6.7605 959.6231 157.8502 1115.3291 204.0526 1.483261 1.603342 4.170513 14.321593 0.756397 23.639036 -6.215804 0.92259651
Car -1 -1 -7.0618 0.0000 208.5765 296.6510 369.0000 1.446551 1.608877 3.773074 -3.240749 1.659648 3.440578 -7.817260 0.82594979
Pedestrian -1 -1 -5.6926 1169.0547 145.9208 1205.1832 218.5780 1.785512 0.553212 0.468789 14.510337 0.936074 17.679640 -5.005321 0.27089846
Pedestrian -1 -1 -8.5444 975.3358 147.5576 1014.4025 215.9954 1.809559 0.615905 0.703899 10.483076 0.938844 19.098442 -8.042413 0.22459812
Pedestrian -1 -1 -4.2523 1001.1467 149.0773 1033.2006 214.9548 1.815920 0.566991 0.611345 11.557344 0.950057 19.894972 -3.725994 0.20381278
Pedestrian -1 -1 -4.4936 1001.5299 149.9570 1028.6425 214.1066 1.804940 0.563859 0.568408 11.732386 0.945871 20.293882 -3.969379 0.18265988
Pedestrian -1 -1 -8.6616 993.1583 139.0894 1068.5464 270.3264 1.779404 0.567907 0.720521 5.962603 1.218328 10.009682 -8.124344 0.16710700
Pedestrian -1 -1 -4.5655 1008.9181 148.6189 1033.6196 211.0199 1.829146 0.568858 0.498773 12.384341 0.894916 21.098196 -4.034662 0.14046459
Pedestrian -1 -1 -4.6235 1009.8863 149.7114 1033.5789 212.7122 1.810829 0.555002 0.509228 12.158245 0.926172 20.691175 -4.092225 0.12935887
Pedestrian -1 -1 -7.4426 292.1312 178.4174 316.3368 225.1812 1.651088 0.619080 0.572757 -10.769087 1.577812 25.252682 -7.845703 0.10388602
Cyclist -1 -1 -6.9134 961.5699 144.9321 1034.8287 215.1502 1.857325 0.564597 1.728617 10.567080 0.916840 19.089540 -6.407788 0.24519524
Cyclist -1 -1 -4.4417 284.0073 179.2924 316.5773 230.0424 1.684648 0.589672 1.741551 -10.516121 1.644830 24.373356 -4.849030 0.13232274
Cyclist -1 -1 -3.7487 988.4396 150.8403 1055.6896 212.4800 1.824000 0.605172 1.703447 12.509178 0.946622 21.288754 -3.217402 0.12259378
