Car -1 -1 -8.1585 750.5062 180.9528 938.2509 294.1019 1.469983 1.637344 4.229449 3.506553 1.626075 11.805853 -7.869803 0.99986005
Car -1 -1 -4.3056 192.7665 191.1458 403.9557 310.1288 1.468620 1.622646 3.909019 -4.728573 1.809175 11.478130 -4.696373 0.99949551
Car -1 -1 -4.4277 335.7166 189.0569 464.0966 263.5241 1.398830 1.658826 4.410969 -4.727736 1.823913 16.729830 -4.703151 0.99930465
Car -1 -1 -8.3551 860.4284 187.1103 1241.0000 374.0000 1.443444 1.571824 3.619656 3.602766 1.607305 6.494440 -7.848619 0.99863499
Car -1 -1 -8.0588 720.4315 181.0280 822.2129 252.4828 1.459275 1.579874 3.751823 3.626670 1.673370 17.045303 -7.849115 0.99816161
Car -1 -1 -8.0154 703.2571 178.2741 775.3428 232.5864 1.524452 1.605781 3.774844 3.893540 1.707598 22.525709 -7.844232 0.99323386
Car -1 -1 -4.5125 489.0124 178.8850 538.5325 214.2600 1.465132 1.526541 3.541760 -4.294264 1.750200 32.322609 -4.644591 0.99105912
Car -1 -1 -4.0446 0.0000 203.8792 251.7545 374.0000 1.447513 1.617070 4.132147 -4.721003 1.784424 5.761573 -4.731038 0.98329794
Car -1 -1 -7.9849 690.4526 179.1944 746.5273 220.5747 1.458390 1.625428 4.045069 4.099023 1.722765 28.086460 -7.839996 0.96689481
Car -1 -1 -4.5526 512.1655 178.1240 553.3940 208.7894 1.479246 1.553463 3.703424 -3.984573 1.765524 37.346180 -4.658892 0.96548879
Car -1 -1 -6.4551 1126.3909 176.6498 1241.0000 223.6879 1.462884 1.627464 3.748219 19.765678 1.599116 24.327681 -5.772818 0.67643583
Car -1 -1 -8.4242 952.2436 175.0500 1016.9960 211.2798 1.590968 1.369168 2.768884 17.189638 1.696412 33.302315 -7.947687 0.36836410
Car -1 -1 -7.1802 1179.6530 173.8143 1241.0000 229.5336 1.559123 1.632438 4.031012 19.314465 1.588755 21.359154 -6.445021 0.20309846
Car -1 -1 -8.6517 1117.9878 176.1582 1241.0000 226.1121 1.424742 1.621530 4.217563 18.647041 1.540062 23.058142 -7.971703 0.12574945
Pedestrian -1 -1 -7.4775 1241.0000 192.0149 1241.0000 374.0000 1.575197 0.620885 0.540575 4.090237 1.691967 4.017282 -6.683092 0.12633592
Cyclist -1 -1 -3.1372 940.0717 176.1437 981.2004 212.0577 1.726443 0.713424 1.804934 17.217415 1.891424 35.534248 -2.685993 0.16241252
