Car -1 -1 -7.5365 257.9443 184.7103 449.1730 298.0569 1.462774 1.654270 3.803338 -3.755563 1.456409 11.184080 -7.860495 0.99988925
Car -1 -1 -7.9748 654.1373 179.5002 712.1907 222.4787 1.465426 1.637476 4.028310 2.661242 1.270701 26.541466 -7.874911 0.99953592
Car -1 -1 -7.3014 19.4775 178.7794 254.4618 283.8903 1.591628 1.652270 3.964008 -8.160885 1.494324 12.877219 -7.866303 0.99934632
Car -1 -1 -7.6657 439.7594 178.5423 514.3864 233.6939 1.540345 1.606380 3.454284 -3.922200 1.354119 21.812542 -7.843576 0.99913293
Car -1 -1 -8.0535 703.4587 186.0149 825.5797 266.0843 1.351390 1.604751 3.485572 2.833337 1.368953 13.911366 -7.852612 0.99795496
Car -1 -1 -7.6953 478.5324 180.0119 535.2379 220.6187 1.572617 1.696704 4.190822 -4.160677 1.371243 29.952312 -7.833311 0.99073642
Car -1 -1 -7.5668 384.6355 180.2017 445.7733 215.5759 1.447051 1.597524 3.653005 -8.333368 1.242101 31.253311 -7.827381 0.95128995
Car -1 -1 -7.8563 584.7654 176.5523 608.9718 199.7320 1.554221 1.623396 3.796368 -0.789736 0.973489 50.112469 -7.872102 0.93174869
Car -1 -1 -7.9478 626.8798 178.3973 651.1998 198.7505 1.431293 1.481264 2.998484 2.219762 0.951962 52.087078 -7.905218 0.85575610
Car -1 -1 -2.3611 0.0000 131.0813 105.7082 270.7287 2.666700 2.201378 6.526749 -14.448316 1.633110 14.857438 -3.132536 0.28400862
Car -1 -1 -3.9753 0.0000 99.3311 77.7991 288.1057 2.633543 2.156296 5.785751 -12.731995 1.435548 12.961678 -4.751804 0.26328298
Car -1 -1 -2.3336 0.0000 124.6466 80.4446 281.3972 2.660564 2.182207 6.457557 -13.834803 1.632668 13.302064 -3.138603 0.22777198
Car -1 -1 -7.7722 528.1046 180.0197 553.0399 201.0716 1.467368 1.519424 3.392873 -4.835191 1.105353 51.810978 -7.865222 0.21348500
Car -1 -1 -2.2977 0.0000 118.0964 81.3641 317.7475 2.538620 2.184624 6.243521 -11.470864 1.685337 10.238227 -3.139845 0.15967128
Car -1 -1 -7.1098 1140.3032 122.3969 1240.0000 292.2922 2.710407 2.218123 6.617079 13.406860 1.708391 12.612494 -6.293856 0.13386367
Car -1 -1 -7.2586 1173.1060 91.3642 1240.0000 375.0000 2.548069 2.160588 6.326811 9.349442 1.800914 6.939746 -6.326322 0.12350864
Car -1 -1 -7.1731 1178.9396 110.4260 1240.0000 310.1060 2.722169 2.210177 6.576073 12.806879 1.702744 10.999022 -6.311922 0.11435174
Car -1 -1 -2.3636 0.0000 137.9960 80.9520 265.2160 2.717528 2.217227 6.580643 -16.217691 1.709032 16.464468 -3.141447 0.11408441
Car -1 -1 -2.3073 0.0000 116.8458 74.1959 297.5812 2.664186 2.196402 6.509758 -12.807819 1.656516 11.708104 -3.137478 0.11104660
