Car -1 -1 -7.6013 368.0343 181.4331 480.1574 265.8565 1.772823 1.662177 4.099397 -4.433418 2.006506 17.624161 -7.847753 0.99962640
Car -1 -1 -8.0407 712.6134 181.2477 843.6163 283.0067 1.484470 1.561277 3.395606 2.708255 1.649877 12.526875 -7.827810 0.99952209
Car -1 -1 -7.4350 85.8476 215.1831 370.7753 374.0000 1.331666 1.606078 3.525320 -4.202795 1.935609 8.506543 -7.893923 0.99850887
Car -1 -1 -7.9513 656.9149 179.2847 707.3649 222.9923 1.560383 1.608812 3.395189 2.690840 1.824396 27.957823 -7.855366 0.99821979
Car -1 -1 -4.5577 472.5905 186.0918 523.9352 226.0539 1.560608 1.633471 3.841980 -4.833243 2.171181 31.373764 -4.710586 0.99709201
Car -1 -1 -4.6122 522.0370 185.6158 550.4474 209.2249 1.419184 1.487939 3.724868 -4.826786 2.287575 47.251259 -4.714047 0.92923474
Pedestrian -1 -1 -4.6811 277.2435 184.0831 307.4272 274.8377 1.613201 0.493150 0.464471 -5.863451 1.823276 13.209888 -5.098800 0.34052882
Pedestrian -1 -1 -4.8494 1112.0413 129.3204 1241.0000 374.0000 1.734505 0.685953 0.643879 2.331100 1.592219 2.807767 -4.156489 0.14538351
Pedestrian -1 -1 -4.7736 1108.7570 148.1489 1241.0000 374.0000 1.696770 0.689563 0.631570 2.561464 1.603245 3.179756 -4.095472 0.13918690
Pedestrian -1 -1 -7.5366 1110.4794 157.9036 1241.0000 374.0000 1.709803 0.658680 0.560894 2.822276 1.647272 3.431678 -6.848322 0.10165152
Cyclist -1 -1 -3.6848 1007.2635 154.0404 1241.0000 374.0000 1.738912 0.702931 1.786773 2.680853 1.673966 2.991151 -2.954058 0.10159116
