Car -1 -1 -8.0530 703.1575 186.7362 816.4766 268.6465 1.398391 1.575243 3.312325 2.836587 1.709844 14.542439 -7.860330 0.99857247
Car -1 -1 -5.7531 125.1898 186.4108 418.6321 286.0948 1.511822 1.672671 4.259351 -5.673607 1.761448 12.263629 -6.186374 0.99411160
Car -1 -1 -6.5978 758.9720 176.2899 929.4370 238.5098 1.613132 1.689589 4.093182 6.234035 1.710559 19.662140 -6.290783 0.99189657
Car -1 -1 -5.7075 0.0000 189.9785 338.2526 309.9071 1.469519 1.603287 3.854651 -6.032401 1.725707 9.946947 -6.252653 0.98467827
Car -1 -1 -2.8948 336.1905 182.9350 473.4418 234.3492 1.457033 1.585337 3.681010 -6.118014 1.770680 21.624891 -3.170511 0.94024467
Car -1 -1 -5.3362 229.1600 179.2046 414.4719 265.8755 1.544581 1.615232 3.776305 -6.003696 1.689366 14.795195 -5.721656 0.93583983
Car -1 -1 -7.9202 637.6757 181.0986 665.8428 204.0656 1.431496 1.625652 3.781288 2.722094 2.004030 48.233864 -7.863808 0.92706585
Car -1 -1 -2.2590 0.0000 194.5382 162.3205 363.4928 1.422324 1.592425 4.026353 -7.063884 1.674281 7.365913 -3.023482 0.87163925
Car -1 -1 -2.8940 390.0830 173.9379 503.1534 218.7806 1.748064 1.705975 4.153156 -6.565688 1.792802 29.076464 -3.116118 0.79713947
Car -1 -1 -5.5121 262.6917 182.0952 455.1247 252.6474 1.464425 1.642646 4.391579 -6.018244 1.704194 17.078651 -5.850931 0.70978016
Car -1 -1 -4.7545 349.1725 182.5876 428.9767 250.1916 1.459080 1.749103 4.139287 -5.795006 1.738108 18.462475 -5.058676 0.17032087
Car -1 -1 -7.9903 695.3929 173.5817 740.6691 214.1861 1.872034 1.664606 3.885650 5.181401 1.909291 35.286549 -7.844510 0.12935847
Car -1 -1 -2.2047 0.0000 157.5635 68.9024 374.0000 1.722045 1.851719 4.623321 -6.553521 1.644088 4.632978 -3.160075 0.11143582
Car -1 -1 -6.0744 395.8382 173.1606 514.7316 216.9553 1.822983 1.769039 4.720358 -6.603320 1.836203 30.935051 -6.284743 0.10636840
Car -1 -1 -4.2593 120.4466 187.8808 292.4158 275.0907 1.480163 1.460498 4.080881 -8.214210 1.836102 15.032960 -4.759411 0.10009129
