Car -1 -1 -7.6173 344.4810 177.2133 505.3220 299.1149 1.633491 1.612015 4.008409 -2.862956 1.716701 11.817090 -7.854999 0.99990737
Car -1 -1 -4.1521 61.9440 197.1469 216.4158 266.1306 1.531865 1.626938 3.922655 -12.486402 2.250474 19.381763 -4.724437 0.99580163
Car -1 -1 -7.8605 588.3651 176.5877 615.4990 203.2781 1.615336 1.664000 4.011985 -0.567361 1.864850 46.255169 -7.872791 0.98226285
Pedestrian -1 -1 -6.2247 671.3095 159.3612 713.4672 231.9026 1.861100 0.543985 1.066774 2.109187 1.514633 18.869774 -6.113363 0.49552396
Pedestrian -1 -1 -5.6868 690.2136 162.9841 731.3696 230.4686 1.807255 0.626448 0.931098 2.722980 1.542637 19.867224 -5.550613 0.37627253
Pedestrian -1 -1 -6.4206 697.7023 161.8873 745.3155 234.3586 1.741146 0.598280 1.076769 2.664814 1.477366 17.641010 -6.270664 0.32319728
Pedestrian -1 -1 -5.6999 685.6199 159.5415 726.3527 229.0300 1.823253 0.573282 0.925610 2.534908 1.473657 19.451376 -5.570289 0.27397382
Pedestrian -1 -1 -5.8710 683.9221 159.6727 725.4348 230.3115 1.820612 0.543923 0.950038 2.452016 1.480583 19.074060 -5.743155 0.20604755
Pedestrian -1 -1 -5.8307 691.6233 163.7804 733.4594 228.7407 1.773034 0.688505 0.958170 2.828082 1.525078 20.246580 -5.691913 0.20287718
Pedestrian -1 -1 -6.4997 686.0588 159.8671 733.9503 232.8712 1.829008 0.599670 1.106724 2.493830 1.503341 18.421185 -6.365150 0.14685114
Pedestrian -1 -1 -7.3729 659.8170 166.3688 691.6553 228.7679 1.798597 0.687358 0.705792 1.892039 1.611366 21.280210 -7.284224 0.12127361
Cyclist -1 -1 -2.6774 680.7593 160.9184 757.8906 238.7620 1.824058 0.653957 1.761277 2.614810 1.544079 17.680378 -2.530568 0.62912434
