Pedestrian -1 -1 -4.4902 392.7620 162.2142 458.4978 294.0722 1.760335 0.699634 0.988513 -2.494032 1.503531 10.091143 -4.732527 0.95684397
Pedestrian -1 -1 -7.8701 550.8548 169.3917 572.7503 227.4603 1.800420 0.674804 1.001381 -1.293710 1.425451 22.795902 -7.926781 0.94668972
Pedestrian -1 -1 -6.5446 574.3873 168.8075 637.1387 281.6440 1.667521 0.640656 0.823420 0.011681 1.480597 11.031231 -6.543582 0.92450285
Pedestrian -1 -1 -4.9781 786.1495 143.5800 866.1637 304.4757 1.892108 0.714863 0.965362 2.720541 1.446860 8.940567 -4.682754 0.92156243
Pedestrian -1 -1 -6.7892 897.8535 138.7590 1002.8572 317.7925 1.771919 0.521565 0.821446 3.523599 1.349613 7.394922 -6.344513 0.54896653
Pedestrian -1 -1 -7.3860 128.6704 162.3288 209.2244 317.8683 1.808221 0.641342 0.579505 -5.248352 1.586033 8.664430 -7.930596 0.30964512
Pedestrian -1 -1 -7.8239 524.6218 168.9205 541.9801 220.8069 1.735150 0.567398 0.713844 -2.335940 1.314896 24.396786 -7.919355 0.25029024
Pedestrian -1 -1 -8.3285 486.0003 165.5172 513.8876 218.9009 1.882114 0.662153 0.885926 -3.683887 1.319017 25.878670 -8.469911 0.16345182
Pedestrian -1 -1 -4.6350 410.9572 162.5800 439.8795 238.2100 1.896481 0.666168 0.767736 -4.546272 1.422569 18.445978 -4.876636 0.12364250
Cyclist -1 -1 -4.5401 473.0692 168.8172 522.6733 271.3878 1.649265 0.564601 1.733961 -1.805530 1.445967 12.424870 -4.684416 0.94598800
Cyclist -1 -1 -4.6375 520.9819 167.9932 542.7571 222.3746 1.782619 0.611742 1.743885 -2.378505 1.340297 24.425510 -4.734621 0.47685978
Cyclist -1 -1 -5.8277 259.4968 177.4737 389.4619 286.3607 1.646295 0.618115 1.811412 -4.360667 1.586065 11.246055 -6.197623 0.10788459
