Car -1 -1 -8.1342 680.6368 181.0308 815.1331 279.5575 1.526303 1.539440 3.197584 2.313600 1.693690 13.125988 -7.959705 0.99922085
Car -1 -1 -8.0355 562.5858 182.5330 612.8092 220.6262 1.539012 1.612109 3.475977 -1.083964 1.992675 31.971447 -8.069397 0.99775618
Car -1 -1 -7.8649 545.2269 183.8439 573.5836 210.8735 1.457181 1.584459 3.440328 -3.011175 2.125603 42.125027 -7.936241 0.96070850
Car -1 -1 -5.2549 871.4027 182.3277 1241.0000 374.0000 1.552916 1.537804 3.461551 2.855130 1.632789 4.346900 -4.673719 0.94407916
Car -1 -1 -7.7184 289.3517 194.6264 394.7966 273.1285 1.376067 1.651721 3.773882 -5.767333 1.913100 15.787669 -8.068664 0.88835865
Pedestrian -1 -1 -7.6111 394.9146 174.3355 436.3524 255.5952 1.747511 0.707936 0.830021 -4.338264 1.780840 15.955198 -7.876612 0.17933872
Pedestrian -1 -1 -7.2398 434.3005 176.6328 476.5751 246.6361 1.709963 0.693533 0.827084 -3.941824 1.807666 18.196712 -7.453147 0.11947589
Pedestrian -1 -1 -8.5303 897.8285 186.5610 962.0771 303.6364 1.613197 0.593418 0.612173 4.547244 1.817595 10.402423 -8.118156 0.11247461
Cyclist -1 -1 -4.6096 439.5452 177.9790 470.5229 248.7271 1.669010 0.580083 1.815417 -3.916543 1.803845 18.091181 -4.822755 0.95454127
Cyclist -1 -1 -4.5385 393.8881 176.8330 435.6798 260.4642 1.721395 0.584837 1.821434 -4.320252 1.813784 15.874073 -4.804222 0.90629727
