Pedestrian -1 -1 -4.5832 483.2451 138.9646 535.5782 273.5389 1.831158 0.641325 0.797812 -1.391813 1.266383 10.022567 -4.721219 0.86324131
Pedestrian -1 -1 -5.1987 874.3397 127.1030 1002.2981 369.0000 1.816728 0.591659 0.858228 2.588459 1.421041 5.691188 -4.771821 0.84621048
Pedestrian -1 -1 -4.5915 461.5405 136.3468 496.5814 225.0199 1.879388 0.663811 0.786378 -2.777055 0.943928 15.397223 -4.769902 0.83949018
Pedestrian -1 -1 -4.8222 794.2609 136.7847 890.0894 369.0000 1.761257 0.612872 0.840695 1.773366 1.447559 5.553544 -4.513136 0.83930808
Pedestrian -1 -1 -5.3141 535.8051 135.1897 599.9576 264.7448 1.882231 0.580301 0.878708 -0.625214 1.224336 10.797318 -5.371902 0.79025841
Pedestrian -1 -1 -4.6032 680.4321 137.7139 732.8647 282.4458 1.846114 0.614388 0.827839 1.324792 1.300764 9.495332 -4.464537 0.74597353
Pedestrian -1 -1 -4.6913 572.2300 133.0074 600.2778 216.8486 1.866986 0.624564 0.695236 -0.464401 0.809757 16.094698 -4.720112 0.68891740
Pedestrian -1 -1 -5.0040 766.5526 134.0573 824.9284 269.0275 1.802589 0.592498 0.734126 2.582458 1.182726 9.820004 -4.746810 0.67848176
Pedestrian -1 -1 -3.7280 1027.6121 175.1886 1069.8936 244.1753 1.687994 0.617725 0.659818 11.006703 1.558360 17.618341 -3.169584 0.60973561
Pedestrian -1 -1 -5.2017 816.5854 132.7243 890.0054 272.4169 1.882632 0.644577 0.867521 3.443169 1.239160 10.007918 -4.870299 0.54539508
Pedestrian -1 -1 -4.3643 614.0341 135.5067 650.2178 217.1452 1.826701 0.629601 0.708407 0.585881 0.820296 16.266920 -4.328331 0.48993465
Pedestrian -1 -1 -5.3205 587.0486 136.0504 644.1992 257.9566 1.826747 0.553326 0.767272 0.109448 1.161067 11.067860 -5.310629 0.37723938
Pedestrian -1 -1 -4.9442 601.1176 140.8177 643.3096 252.6425 1.799110 0.548053 0.723097 0.228729 1.161058 11.786663 -4.924818 0.30709606
Pedestrian -1 -1 -5.2813 589.8271 137.2556 646.2281 255.4989 1.828758 0.573335 0.790219 0.153220 1.160324 11.422156 -5.267880 0.23426217
Pedestrian -1 -1 -4.2209 644.6693 136.4599 711.9958 275.0936 1.823313 0.603129 0.849290 0.975311 1.244499 9.819774 -4.121859 0.22240879
Pedestrian -1 -1 -2.9061 596.6573 135.9046 650.2436 225.9078 1.880893 0.586901 1.044201 0.357173 0.949286 15.193359 -2.882555 0.18207987
Pedestrian -1 -1 -4.6565 605.9493 130.0788 636.6516 214.8152 1.843381 0.642370 0.889085 0.330354 0.746849 15.849218 -4.635684 0.17411089
Pedestrian -1 -1 -4.6216 569.9214 134.2252 600.0349 214.7093 1.836984 0.643659 0.707513 -0.503693 0.781137 16.510342 -4.652054 0.14213203
Pedestrian -1 -1 -4.4115 604.1245 137.7333 635.4633 217.5807 1.854685 0.573009 0.676099 0.314500 0.861641 16.834198 -4.392798 0.13993296
Pedestrian -1 -1 -4.6159 573.3052 140.7321 599.7655 216.5060 1.831101 0.594908 0.641521 -0.491561 0.870425 17.426380 -4.644129 0.11637667
Pedestrian -1 -1 -7.4282 259.5453 132.2345 313.1939 242.4372 1.791157 0.602298 0.655654 -5.363474 1.007065 11.819759 -7.854167 0.10895120
Pedestrian -1 -1 -4.2571 594.4168 133.6571 631.8248 215.3306 1.823775 0.575392 0.785818 0.149155 0.778111 16.268614 -4.247978 0.10033271
Cyclist -1 -1 -5.7853 233.9652 137.1759 348.2323 245.9634 1.773648 0.551508 1.695268 -5.301492 1.067682 11.868390 -6.205369 0.15593970
Cyclist -1 -1 -4.3151 246.5108 133.6022 321.6407 246.9287 1.754358 0.528497 1.698143 -5.360692 1.028740 11.801933 -4.741498 0.10505890
