Car -1 -1 -7.7301 477.5093 176.9204 543.2033 233.7484 1.626478 1.605376 3.708517 -3.109519 1.765072 22.781452 -7.865715 0.99972314
Car -1 -1 -4.2840 204.7400 189.6056 327.9376 246.7713 1.430050 1.671191 4.266323 -10.081511 1.977429 21.447708 -4.723428 0.99902868
Car -1 -1 -7.8429 581.4484 176.3212 607.9570 202.4845 1.606644 1.646299 3.762410 -1.004349 1.839827 46.698879 -7.864362 0.98865336
Car -1 -1 -4.4096 354.6634 183.4342 403.7915 213.7547 1.614628 1.656071 3.750851 -13.283059 2.252141 41.616306 -4.718534 0.97329390
Pedestrian -1 -1 -6.2731 652.6005 167.5692 676.7239 213.5255 1.796553 0.507327 0.941659 2.115637 1.589656 28.499178 -6.199016 0.26194665
Pedestrian -1 -1 -5.9649 659.6996 167.0448 683.3776 212.4788 1.803776 0.564753 0.815101 2.436137 1.572845 29.065071 -5.881304 0.21628030
Pedestrian -1 -1 -6.2212 646.2986 167.6515 664.6708 211.6809 1.839237 0.595942 0.740151 1.881177 1.621612 30.482056 -6.159578 0.18083790
Pedestrian -1 -1 -5.7927 659.7959 166.4514 683.8187 211.5539 1.813551 0.552833 0.813056 2.480057 1.555805 29.465675 -5.708687 0.17490907
Pedestrian -1 -1 -3.2250 635.6765 170.9321 652.9812 211.1146 1.737930 0.610479 0.705642 1.453482 1.654508 31.525436 -3.178945 0.15713438
Pedestrian -1 -1 -6.1577 651.8310 166.8855 678.2218 212.8235 1.812841 0.528473 0.993920 2.157146 1.577006 28.831631 -6.082998 0.11000772
Pedestrian -1 -1 -3.3012 635.3983 171.7467 652.6744 211.2939 1.731199 0.628522 0.671387 1.460540 1.682426 31.936094 -3.255490 0.10776400
