Car -1 -1 -4.1417 0.0000 110.6404 399.8904 373.0000 1.657302 1.725829 4.397127 -2.645141 1.477921 4.033438 -4.722149 0.98488498
Car -1 -1 -4.5460 377.3266 157.1712 473.9731 234.9437 1.997074 1.937375 4.861766 -4.987302 1.372863 20.936378 -4.779880 0.98048806
Car -1 -1 -4.5598 424.8113 161.6823 497.1573 222.7138 2.127398 1.977037 5.012873 -5.286423 1.437008 27.580383 -4.749156 0.91719681
Car -1 -1 -3.8594 0.0000 162.4893 202.9638 373.0000 1.575723 1.596621 4.245741 -5.447016 1.479246 5.869140 -4.607550 0.10980456
Pedestrian -1 -1 -5.0509 803.2303 146.6048 855.0964 274.6289 1.792195 0.535232 0.621641 3.231807 1.304359 10.376279 -4.748917 0.75634748
Pedestrian -1 -1 -7.7108 684.4953 179.6935 709.8907 235.7235 1.343392 0.534009 0.629400 2.313684 1.300614 17.598192 -7.580087 0.54731911
Pedestrian -1 -1 -3.8196 1041.2751 136.6626 1130.4401 300.3000 1.861700 0.524339 0.695737 5.644522 1.352275 8.464833 -3.231519 0.41953310
Pedestrian -1 -1 -7.7771 381.5639 163.4574 428.4887 288.2001 1.771644 0.620588 0.670594 -2.929560 1.516051 10.590649 -8.046949 0.38156652
Pedestrian -1 -1 -7.5591 347.0800 157.8121 416.3950 317.9819 1.752835 0.600596 0.627445 -2.535592 1.494299 8.176629 -7.859769 0.37963980
Pedestrian -1 -1 -3.8104 1128.5703 134.2125 1237.0000 325.9963 1.851351 0.551247 0.934617 5.916576 1.395580 7.218227 -3.123773 0.31503281
Pedestrian -1 -1 -3.7373 708.1161 171.7994 748.7107 238.5529 1.529020 0.494243 0.797198 2.938082 1.307373 16.842775 -3.564556 0.14225344
Pedestrian -1 -1 -6.5666 677.1765 175.6435 718.4995 235.1679 1.407301 0.491743 0.882628 2.278969 1.269379 17.293201 -6.435584 0.12763211
Cyclist -1 -1 -4.0670 367.1080 166.7096 438.3137 253.3959 1.819005 0.584609 1.769122 -4.430470 1.509219 16.003506 -4.337105 0.15237448
Cyclist -1 -1 -4.3597 324.1128 151.3887 430.3094 331.4928 1.831177 0.588702 1.747909 -2.543568 1.525729 8.191522 -4.660761 0.14960858
