Car -1 -1 -4.5358 373.9179 179.8414 553.5703 318.6281 1.528010 1.680847 4.138570 -1.703264 1.510444 9.984318 -4.704795 0.99977595
Pedestrian -1 -1 -4.9586 754.5369 155.6484 807.5730 273.5087 1.767463 0.630166 0.753274 2.728740 1.380431 11.150912 -4.718591 0.83233851
Pedestrian -1 -1 -7.8832 579.8571 166.3922 591.7289 197.9890 1.862284 0.682144 0.803061 -0.933906 0.971953 42.756313 -7.905015 0.43090284
Pedestrian -1 -1 -7.6812 408.0264 166.7597 430.1959 219.0174 1.853817 0.664995 0.696859 -6.581033 1.331307 25.855413 -7.930489 0.30580762
Pedestrian -1 -1 -6.6743 578.9067 166.3919 594.9852 197.8498 1.886899 0.617102 0.798854 -0.877955 0.980786 43.529453 -6.694419 0.20786062
Pedestrian -1 -1 -3.1158 281.0370 190.0148 355.4124 287.3288 1.343064 0.520122 0.978885 -4.131914 1.471872 10.399166 -3.493968 0.20673214
Pedestrian -1 -1 -5.5895 78.1588 182.3871 164.2421 287.4482 1.484018 0.501604 0.936730 -7.020113 1.497934 10.448857 -6.181107 0.15311174
Pedestrian -1 -1 -6.1584 276.1656 182.9809 350.0589 287.0363 1.404685 0.525399 0.905684 -4.073146 1.426875 10.077565 -6.542491 0.14047235
Pedestrian -1 -1 -7.8966 579.7484 165.8738 592.1860 197.5585 1.841110 0.692508 0.875305 -0.912775 0.933232 42.199448 -7.918262 0.13321184
Pedestrian -1 -1 -7.4654 407.3993 166.6039 431.4713 217.6142 1.839068 0.673957 0.606502 -6.669072 1.302408 26.245234 -7.714266 0.10573159
Pedestrian -1 -1 -7.9103 1216.5763 162.2703 1237.0000 373.0000 1.661633 0.708637 0.679118 3.501449 1.578925 3.607223 -7.139789 0.10278202
Cyclist -1 -1 -5.5584 1131.0748 168.8744 1237.0000 373.0000 1.697688 0.570987 1.721092 3.476223 1.652545 3.489754 -4.774935 0.18536912
Cyclist -1 -1 -6.9708 1120.3734 164.7041 1237.0000 373.0000 1.711962 0.713102 1.757792 3.705787 1.639126 3.600891 -6.171038 0.15138434
Cyclist -1 -1 -4.3484 511.0078 169.5385 537.3818 211.7858 1.849662 0.598752 1.754554 -3.481769 1.326262 32.374584 -4.455572 0.10412171
