Car -1 -1 -8.1048 740.5358 179.4909 887.1230 271.7887 1.453627 1.631869 4.205761 3.623436 1.599423 13.774956 -7.847580 0.99952686
Car -1 -1 -4.4492 374.0155 185.7553 481.2107 251.3505 1.442437 1.634232 4.335010 -4.670914 1.819309 18.910028 -4.691330 0.99943906
Car -1 -1 -4.3657 268.0248 189.1148 433.0754 286.0388 1.465202 1.642084 3.946560 -4.704058 1.815118 13.556553 -4.699726 0.99917477
Car -1 -1 -4.1765 0.0000 197.1917 331.5165 374.0000 1.444924 1.631392 4.021103 -4.733557 1.781992 7.990524 -4.711327 0.99915755
Car -1 -1 -8.2497 812.7568 183.1653 1082.9438 341.9837 1.453783 1.572965 3.553122 3.644116 1.602050 8.615940 -7.849549 0.99852800
Car -1 -1 -8.0581 709.0450 178.8710 796.6139 240.8089 1.458731 1.538975 3.713598 3.643517 1.634350 19.226009 -7.870801 0.99709356
Car -1 -1 -4.5434 499.2320 178.1699 544.8356 211.0427 1.478922 1.599564 3.660181 -4.242945 1.749729 34.931458 -4.664309 0.99396825
Car -1 -1 -7.9826 699.6200 175.3795 760.6815 225.4491 1.587774 1.602985 3.683374 4.026315 1.681284 24.935143 -7.822557 0.97783333
Car -1 -1 -8.0020 687.7280 175.7027 739.6189 217.0944 1.606509 1.588156 3.814757 4.224673 1.732930 30.182461 -7.862938 0.92766136
Car -1 -1 -4.5729 520.1004 177.6650 558.7917 205.9996 1.435627 1.559560 3.970089 -3.824758 1.710540 39.259041 -4.670055 0.66300887
Car -1 -1 -8.6706 1090.3193 171.3128 1217.7325 218.4261 1.474105 1.521412 3.265854 18.156507 1.425582 24.316370 -8.029181 0.29809093
Car -1 -1 -3.8401 1220.1940 177.8358 1241.0000 222.9939 1.559161 1.733281 4.313211 25.004517 1.746264 26.138233 -3.076855 0.17399192
