Car -1 -1 -4.3679 0.0000 187.5040 298.2475 367.8232 1.548349 1.713281 3.726054 -4.880280 1.634931 8.290498 -4.899983 0.94931191
Pedestrian -1 -1 -4.7582 642.9835 150.2021 677.5158 241.2789 1.836416 0.671046 0.908028 1.172591 1.205927 14.948739 -4.679884 0.83868819
Pedestrian -1 -1 -4.6855 577.6248 154.1511 603.2492 226.4324 1.835286 0.646479 0.718248 -0.313320 1.141391 18.601521 -4.702298 0.53695416
Pedestrian -1 -1 -7.4738 335.0585 164.1624 366.0515 220.6670 1.812775 0.638017 0.993869 -8.244196 1.256988 23.555912 -7.810462 0.52935910
Pedestrian -1 -1 -4.9832 565.9491 157.0099 611.3693 264.1855 1.789533 0.599114 0.771953 -0.274207 1.381241 12.450201 -5.005258 0.34040016
Pedestrian -1 -1 -7.9041 251.8112 161.3051 281.2540 234.4940 1.885856 0.663884 0.843882 -8.914421 1.366009 19.037645 -8.341997 0.18359619
Pedestrian -1 -1 -5.9584 0.0000 172.7787 96.2522 324.5515 1.733487 0.575883 0.797457 -6.667599 1.634565 8.607368 -6.617517 0.18017325
Pedestrian -1 -1 -4.3557 251.7980 178.2498 297.4598 266.3649 1.651912 0.619857 0.628209 -6.310590 1.591580 13.802414 -4.784546 0.17408691
Pedestrian -1 -1 -7.2097 214.7328 155.8658 339.8568 366.1187 1.730251 0.646866 0.830017 -2.905240 1.520026 6.386439 -7.636652 0.10915472
Pedestrian -1 -1 -7.5532 265.6772 178.0169 308.8632 266.2120 1.628392 0.594552 0.618298 -5.981544 1.564684 13.603805 -7.967430 0.10159635
Cyclist -1 -1 -4.4899 204.0735 151.2507 328.4500 373.0000 1.750251 0.600931 1.836969 -2.929676 1.524301 6.344124 -4.922545 0.94558555
Cyclist -1 -1 -4.6752 337.6850 167.1495 361.4845 222.0493 1.734511 0.673564 1.935817 -8.326526 1.281562 23.719364 -5.012756 0.22912693
Cyclist -1 -1 -4.3297 232.1858 177.1560 304.1901 273.7482 1.704229 0.625758 1.754539 -6.291060 1.628199 13.566196 -4.763882 0.12115759
