Car -1 -1 -8.1752 732.0618 182.8272 972.2514 332.4012 1.477236 1.649429 4.127458 2.792345 1.637107 9.496547 -7.889249 0.99985564
Car -1 -1 -5.8046 154.3503 189.0726 430.4419 274.2491 1.419515 1.677016 4.416635 -5.816761 1.742399 13.389564 -6.214386 0.99909747
Car -1 -1 -8.0479 684.4781 181.9148 768.7070 237.0772 1.361399 1.601300 3.924679 3.143339 1.643021 20.456316 -7.895472 0.99838269
Car -1 -1 -5.4969 0.0000 187.9764 238.2558 352.1258 1.501702 1.655714 4.268154 -6.598762 1.685652 7.788404 -6.199794 0.98649675
Car -1 -1 -7.9178 657.4167 170.8180 692.7336 206.3111 1.842425 1.655912 4.127650 3.476874 1.736435 39.537571 -7.830122 0.98395467
Car -1 -1 -2.7051 237.0149 183.8690 422.6211 255.4366 1.468753 1.561448 3.501339 -6.173397 1.726132 15.981739 -3.073742 0.94019830
Car -1 -1 -2.8107 260.0806 163.0806 438.7590 240.5005 1.888386 1.713663 3.962887 -6.616187 1.649698 18.481560 -3.154425 0.81511992
Car -1 -1 -2.9535 343.6705 174.3002 486.3870 228.6161 1.672547 1.686515 4.200981 -6.236650 1.720878 23.267221 -3.215421 0.55846679
Car -1 -1 -2.2416 0.0000 193.4800 52.7806 374.0000 1.586265 1.623846 3.913058 -6.480702 1.751817 4.954645 -3.159681 0.50959647
Car -1 -1 -7.5984 484.9993 173.6685 532.4883 210.2876 1.684144 1.573063 2.961017 -4.881306 1.724911 34.815449 -7.737690 0.34386605
Car -1 -1 -2.9529 482.1762 172.1265 550.5121 202.7426 1.809859 1.717111 3.844359 -5.662894 1.766552 43.624950 -3.081996 0.29117402
