Car -1 -1 -8.2257 718.0090 179.8554 930.7010 326.3005 1.569004 1.562611 3.278355 2.571108 1.678595 9.609720 -7.964252 0.99936908
Car -1 -1 -8.0215 574.8558 181.4606 631.2963 224.8159 1.551832 1.635451 3.620759 -0.382323 1.914715 28.519646 -8.034895 0.99895740
Car -1 -1 -7.6017 206.0209 198.6729 370.3973 303.1451 1.366310 1.658364 3.771245 -5.363271 1.881408 12.412035 -8.009586 0.98976809
Car -1 -1 -7.8594 557.3644 183.1480 588.0496 213.3473 1.488492 1.562263 3.355617 -2.037706 2.061402 38.457340 -7.912338 0.95967668
Car -1 -1 -4.5122 306.5012 192.9878 402.1822 260.9359 1.407191 1.545237 3.635858 -6.295115 1.961761 17.978775 -4.849023 0.85528535
Car -1 -1 -7.7218 409.7995 187.2288 453.4018 219.5290 1.374672 1.575825 3.260110 -8.379981 2.084419 33.933834 -7.963876 0.47190097
Car -1 -1 -7.8672 538.9378 181.9321 560.3602 203.5340 1.516611 1.547002 3.574061 -4.576906 2.219914 54.069313 -7.951647 0.27568382
Pedestrian -1 -1 -7.7078 340.2725 175.8265 390.9915 293.6396 1.728798 0.629770 0.796933 -3.785331 1.775913 11.059832 -8.037606 0.22451705
Cyclist -1 -1 -4.4183 391.9134 177.8276 454.0813 277.2311 1.698135 0.608710 1.841010 -3.475186 1.796290 13.351260 -4.672897 0.94729191
Cyclist -1 -1 -4.4502 327.8583 180.2535 402.8553 301.9582 1.698014 0.642460 1.835474 -3.776162 1.821332 11.117458 -4.777596 0.61695838
