Car -1 -1 -8.1783 752.7801 186.6788 976.4967 333.3949 1.462248 1.590428 3.516585 2.953779 1.674006 9.296309 -7.870617 0.99836046
Car -1 -1 -2.8840 141.9173 174.3019 376.4574 264.5732 1.574310 1.657614 3.725622 -6.565634 1.603995 13.781382 -3.328605 0.99412775
Car -1 -1 -3.3940 710.9001 171.7143 835.9698 220.6659 1.789198 1.736703 4.317147 6.072245 1.747242 27.313007 -3.175271 0.99367744
Car -1 -1 -5.6737 0.0000 164.6811 306.0745 315.2246 1.686294 1.669061 3.877315 -6.110247 1.594446 8.935466 -6.273506 0.96469283
Car -1 -1 -5.4961 0.0000 182.6184 215.2121 374.0000 1.535330 1.636266 4.040416 -6.155190 1.637331 6.659162 -6.242157 0.96304631
Car -1 -1 -2.9903 410.4589 172.9399 503.8815 210.2785 1.602636 1.646099 3.837577 -6.740209 1.606245 31.904768 -3.198497 0.90814924
Car -1 -1 -7.9468 631.5604 153.5241 684.2918 207.7682 2.538875 2.113843 5.933336 2.295379 1.633847 36.768871 -7.884503 0.87164092
Car -1 -1 -3.1296 807.0407 180.9610 992.2924 253.2426 1.473467 1.596831 3.749392 6.476428 1.674570 16.479115 -2.755147 0.79249424
Car -1 -1 -6.6569 767.8067 177.1733 919.9267 235.3886 1.468878 1.576410 3.525232 6.115812 1.589172 19.242367 -6.349159 0.78346092
Car -1 -1 -2.8998 447.8969 168.8519 530.0355 204.7512 1.819454 1.713555 3.922782 -6.301462 1.616319 37.571659 -3.065950 0.77029282
Car -1 -1 -6.3831 611.6150 163.0702 692.1641 197.4015 2.544274 2.330404 5.896439 3.092893 1.818904 54.765057 -6.326671 0.16685766
Car -1 -1 -2.6344 331.7115 177.4619 461.8801 227.9697 1.508444 1.592347 3.655486 -6.791840 1.662134 22.938192 -2.922298 0.15370461
Cyclist -1 -1 -5.7379 400.4565 169.7412 458.8420 221.2101 1.713500 0.715930 1.826815 -6.201068 1.609569 24.632256 -5.984567 0.16728050
Cyclist -1 -1 -3.7110 1161.1465 163.8259 1241.0000 351.6083 1.685302 0.732079 1.818484 6.516975 1.603977 6.998845 -2.961216 0.15797730
Cyclist -1 -1 -5.7636 403.3050 169.8826 460.4161 220.6379 1.722167 0.666296 1.836227 -6.229371 1.621044 25.052961 -6.007297 0.13682796
