Car -1 -1 -4.8920 707.8698 188.5995 830.6960 273.8399 1.394081 1.652641 4.275457 3.020053 1.762752 14.752504 -4.690099 0.99948883
Car -1 -1 -7.9479 655.3828 178.8316 696.6785 212.3213 1.512621 1.632888 3.976338 3.132446 1.821217 35.293365 -7.859410 0.99830341
Car -1 -1 -4.5378 431.5246 180.0461 525.1660 249.0238 1.438784 1.577735 3.701512 -3.086029 1.629281 17.288996 -4.714466 0.99776781
Car -1 -1 -4.4061 284.0782 177.3899 466.9553 308.3482 1.536235 1.511962 3.277577 -3.170351 1.610516 10.220930 -4.706833 0.99617851
Car -1 -1 -4.7046 557.2075 176.5007 580.2328 197.3316 1.447294 1.622108 4.153822 -3.046256 1.725477 52.986126 -4.762056 0.96779603
Car -1 -1 -4.8424 640.1990 165.2588 682.8738 205.2767 2.429151 2.033518 5.538441 3.216612 1.967808 46.624725 -4.773564 0.86322773
Pedestrian -1 -1 -4.0122 0.0000 164.3301 130.2409 374.0000 1.677166 0.632449 0.691144 -2.726900 1.643276 3.191166 -4.719330 0.13001911
Pedestrian -1 -1 -3.9334 0.0000 172.4423 109.4607 374.0000 1.636811 0.632811 0.656906 -3.119937 1.634645 3.617942 -4.645055 0.12609529
Cyclist -1 -1 -4.1290 0.0000 155.0988 163.6362 374.0000 1.729289 0.637384 1.841392 -2.534106 1.684535 2.765966 -4.870677 0.13611983
Cyclist -1 -1 -4.1527 0.0000 163.2034 141.5835 374.0000 1.708771 0.612540 1.842173 -2.916595 1.678198 3.223884 -4.888090 0.13556659
