Car -1 -1 -8.0518 687.8800 173.2818 850.8947 286.5011 1.440693 1.623912 4.034791 2.195210 1.448242 11.217768 -7.858542 0.99980718
Car -1 -1 -8.0729 634.4849 169.3280 711.2424 221.9372 1.572984 1.630802 4.134051 1.917161 1.467259 23.733267 -7.992307 0.99971372
Car -1 -1 -7.8192 479.5342 171.6227 532.3434 221.4959 1.553652 1.635775 3.841614 -3.505647 1.514995 24.474823 -7.961487 0.99965882
Car -1 -1 -2.5782 32.9080 187.1423 262.0665 262.5914 1.406907 1.544943 3.622096 -9.242042 1.709701 14.527594 -3.144783 0.99828255
Car -1 -1 -7.7543 516.5728 173.0416 553.6439 202.8309 1.499076 1.591807 3.711157 -3.955182 1.509192 38.191593 -7.857511 0.98441792
Car -1 -1 -5.4599 0.0000 173.3993 73.0798 345.1588 1.681747 1.726378 4.662922 -8.988968 1.688170 7.983197 -6.304472 0.59283233
Car -1 -1 -6.9801 0.0000 191.2184 61.0813 298.7547 1.470251 1.621934 4.010057 -12.155399 1.845064 12.656993 -7.745240 0.51960629
Car -1 -1 -7.7888 489.8446 169.4750 536.4684 216.3764 1.755146 1.618851 3.547696 -3.854582 1.628396 28.825930 -7.921693 0.37137508
Car -1 -1 -8.5253 910.4594 3.8804 1241.0000 372.5335 2.420892 2.102941 6.400404 5.774820 1.310967 7.982564 -7.899055 0.20059855
Car -1 -1 -4.7091 0.0000 184.4728 65.5916 337.3828 1.443913 1.665419 3.842196 -8.161054 1.622234 9.104080 -5.439914 0.16150387
Car -1 -1 -7.9624 629.8937 172.8223 682.4994 213.6676 1.532406 1.682792 3.934814 1.747029 1.530918 29.075966 -7.902355 0.14869118
Car -1 -1 -5.3262 0.0000 177.8968 126.2496 374.0000 1.599740 1.713149 4.519005 -5.214767 1.629920 3.433737 -6.314720 0.10553700
