Car -1 -1 -8.3322 859.3938 196.6940 1241.0000 374.0000 1.380452 1.614368 3.751423 3.696806 1.665877 6.754274 -7.831430 0.99897170
Car -1 -1 -7.9662 682.1840 179.6673 744.9939 226.8289 1.428118 1.624084 4.339729 3.399544 1.681451 24.670969 -7.829262 0.99811053
Car -1 -1 -4.4045 258.0770 192.0600 457.0464 336.3921 1.477413 1.481083 3.395195 -3.160924 1.776633 9.546195 -4.724285 0.99766695
Car -1 -1 -8.1947 731.3125 173.5399 907.2490 289.2718 1.643721 1.641460 3.726604 3.263304 1.656839 12.193043 -7.933154 0.99577361
Car -1 -1 -4.5860 469.8318 169.2192 547.2543 242.2375 1.875204 1.672662 4.135390 -2.835678 1.781557 20.606245 -4.722747 0.99460679
Car -1 -1 -4.6081 546.1387 176.4363 580.6631 203.6083 1.500512 1.625874 3.908588 -2.725703 1.720345 42.353855 -4.672388 0.97879809
Car -1 -1 -4.5720 491.0455 173.7503 553.3420 226.5393 1.742056 1.654797 4.182480 -3.119673 1.776661 25.990671 -4.691483 0.81343544
Car -1 -1 -7.9554 664.9504 177.0986 703.2344 209.0938 1.534080 1.580455 3.592194 3.698778 1.761250 36.869869 -7.855370 0.60735959
Car -1 -1 -7.9975 707.3552 181.1623 788.5578 242.4356 1.424468 1.580209 3.648410 3.502717 1.665766 19.129129 -7.816432 0.44241193
Car -1 -1 -4.0809 0.0000 199.6034 272.1163 374.0000 1.512816 1.503877 3.349049 -3.023015 1.701451 3.353911 -4.814439 0.22103079
Car -1 -1 -7.9832 675.0616 180.2552 726.6584 220.2839 1.448230 1.543378 3.813338 3.504633 1.762196 28.725006 -7.861795 0.18562922
