Car -1 -1 -8.0998 745.6595 173.7572 995.4576 345.0687 1.543679 1.677055 4.278897 2.709769 1.557012 8.707716 -7.798081 0.99994648
Car -1 -1 -2.7978 231.0929 173.9650 433.9264 260.4485 1.811681 1.702531 3.856673 -6.090953 1.837427 16.026419 -3.161038 0.99586833
Car -1 -1 -4.6712 548.0861 175.0861 573.7576 196.4582 1.470503 1.686346 4.079581 -3.539988 1.637872 52.137543 -4.739032 0.90473336
Car -1 -1 -7.9853 665.9420 157.4871 747.2417 229.1930 2.044241 1.893714 5.048082 2.902472 1.605850 23.100067 -7.860300 0.17149048
Car -1 -1 -8.1322 672.4995 115.0061 859.6652 261.8981 2.433513 2.081259 6.100151 2.829248 1.474864 15.086887 -7.946811 0.10717440
Car -1 -1 -6.4881 661.8228 160.1788 815.6584 223.8083 1.850370 1.724027 4.334712 3.778035 1.481470 21.918175 -6.317380 0.10005186
Pedestrian -1 -1 -7.2484 44.4536 189.9551 173.6835 374.0000 1.514424 0.556035 0.630318 -3.875821 1.652902 5.538857 -7.858936 0.59547806
Pedestrian -1 -1 -7.1531 0.0000 170.1632 66.6547 374.0000 1.676743 0.651857 0.684542 -4.886340 1.656710 5.637816 -7.867245 0.20073760
Pedestrian -1 -1 -3.9410 0.0000 169.6012 89.6786 374.0000 1.648003 0.594144 0.573857 -4.897600 1.622035 6.005665 -4.625147 0.10195619
Cyclist -1 -1 -4.1851 0.0000 190.7522 185.3786 374.0000 1.503632 0.501261 1.493150 -3.876650 1.656708 5.416331 -4.806293 0.21949950
