Car -1 -1 -7.9998 673.6680 182.4251 757.8823 243.0582 1.362016 1.596692 3.770732 2.580653 1.634839 18.697676 -7.862639 0.99962556
Car -1 -1 -5.7559 104.8501 180.0670 400.3172 279.8251 1.576090 1.721224 4.338013 -6.134532 1.711548 12.563426 -6.210084 0.99854517
Car -1 -1 -7.9691 658.8008 178.2352 709.0686 218.9224 1.459044 1.536935 3.559966 2.777037 1.681986 28.141077 -7.870710 0.98945707
Car -1 -1 -4.6382 554.4989 176.4152 584.9783 201.5004 1.411785 1.547509 3.659220 -2.395567 1.632693 42.974998 -4.693861 0.98843122
Car -1 -1 -6.0193 375.1711 179.3403 506.3916 223.5475 1.470840 1.622914 4.174388 -5.877434 1.704543 25.148115 -6.248904 0.95242143
Car -1 -1 -2.8187 485.6237 174.3596 551.4050 197.3800 1.550044 1.684757 4.203801 -6.350054 1.656618 49.982098 -2.945038 0.92054409
Car -1 -1 -2.7700 222.5559 179.5195 432.5571 261.0271 1.595762 1.641089 3.748940 -5.839506 1.742444 15.085959 -3.139352 0.91911608
Car -1 -1 -2.3246 0.0000 205.6224 125.7768 374.0000 1.468055 1.596036 4.344277 -7.169067 1.802753 6.548962 -3.155182 0.80939257
Car -1 -1 -2.7927 436.3688 174.1368 525.1038 210.5924 1.648624 1.659095 3.757239 -6.074768 1.710523 33.847755 -2.970239 0.80273414
Car -1 -1 -6.0484 400.4789 178.9575 509.1646 219.4760 1.498212 1.619377 3.821342 -5.964476 1.740221 27.790934 -6.259834 0.49974075
Car -1 -1 -5.8742 281.8874 172.5984 461.8082 240.1433 1.730899 1.682817 4.310690 -6.414848 1.724051 19.525093 -6.191593 0.49358022
Car -1 -1 -7.2102 1181.5161 187.8078 1241.0000 374.0000 1.471771 1.622850 3.917235 5.734056 1.572573 3.999327 -6.248456 0.25698888
Pedestrian -1 -1 -4.3802 1168.3828 175.5142 1241.0000 374.0000 1.581186 0.672561 0.654356 4.081691 1.599660 4.637949 -3.658479 0.16053353
Pedestrian -1 -1 -4.2768 1216.9183 164.8425 1241.0000 374.0000 1.633630 0.679688 0.778998 4.463555 1.587080 4.622368 -3.508856 0.12477666
Cyclist -1 -1 -3.9285 1142.5741 160.6942 1241.0000 374.0000 1.701636 0.761580 1.831127 4.480659 1.631483 4.532350 -3.148841 0.24394237
Cyclist -1 -1 -5.6160 1214.7280 160.0105 1241.0000 374.0000 1.687151 0.599721 1.746642 3.712231 1.645073 3.234175 -4.761878 0.11653295
