Car -1 -1 -8.0172 610.7458 180.4705 683.0120 239.7611 1.592630 1.617904 3.342104 0.976036 1.838725 21.587070 -7.972033 0.99971062
Car -1 -1 -4.3458 124.6712 198.5228 353.1193 326.8428 1.445698 1.663751 4.292411 -5.478239 1.923347 11.224207 -4.799856 0.99890554
Car -1 -1 -7.7587 403.9763 189.2487 457.7755 233.0278 1.454627 1.642799 3.509425 -6.733953 2.115007 27.220623 -8.001195 0.99561417
Car -1 -1 -7.8803 586.6327 182.1105 624.9425 219.3322 1.528420 1.609300 3.285465 -0.272955 1.961709 32.128426 -7.888808 0.99202579
Car -1 -1 -7.7190 429.2371 184.7881 471.2517 217.8519 1.520445 1.597100 3.628695 -8.046244 2.153308 36.407001 -7.936550 0.88026881
Car -1 -1 -7.0069 0.0000 214.0502 232.0951 374.0000 1.407990 1.592478 4.154273 -5.118333 1.857341 5.719532 -7.736833 0.66448462
Car -1 -1 -7.8465 569.5655 182.2961 594.2985 207.0801 1.519624 1.562377 3.485085 -1.863667 2.162112 47.353451 -7.885821 0.49809551
Car -1 -1 -8.5196 700.5647 169.4572 940.6959 321.9169 1.661029 1.539734 2.903990 2.544674 1.623722 9.498784 -8.257867 0.10435206
Pedestrian -1 -1 -7.1596 0.0000 171.9592 193.0752 374.0000 1.668249 0.653823 0.628227 -2.920492 1.663334 4.058295 -7.783387 0.14039624
Pedestrian -1 -1 -7.5370 0.0000 191.4538 63.4374 343.8537 1.686131 0.642606 0.506090 -6.910507 1.911988 8.421107 -8.224205 0.12678219
Cyclist -1 -1 -4.1184 0.0000 167.7234 212.1540 374.0000 1.703671 0.570438 1.860714 -2.927022 1.682811 3.836656 -4.770089 0.66319889
Cyclist -1 -1 -2.2482 0.0000 187.0475 281.6119 374.0000 1.613412 0.693358 1.779984 -2.902510 1.704351 4.064242 -2.868359 0.10437747
