Car -1 -1 -7.6978 483.4622 175.3126 539.0561 216.5182 1.480727 1.578733 3.621360 -3.570244 1.294570 27.238363 -7.828133 0.99712497
Car -1 -1 -6.7080 879.2827 158.2561 958.1964 185.1306 1.556673 1.625715 3.941231 18.485968 0.268328 41.784004 -6.291438 0.40766898
Car -1 -1 -8.2800 936.6132 151.4755 995.2975 183.6781 1.858992 1.696922 3.894253 21.758011 0.183575 42.799232 -7.809643 0.30379856
Car -1 -1 -8.2486 870.3107 155.0029 921.1840 183.5021 1.661746 1.592188 3.604174 17.622526 0.175152 43.033733 -7.859901 0.11839131
Cyclist -1 -1 -4.4361 335.3382 178.5943 366.3452 225.3632 1.751113 0.652393 1.858038 -9.865669 1.679999 27.422525 -4.781481 0.83333760
Cyclist -1 -1 -6.4411 733.5862 159.5599 775.8535 201.4551 1.847662 0.667165 1.761314 6.647776 0.924358 31.559206 -6.233472 0.30073690
Cyclist -1 -1 -6.6303 676.6373 162.2573 713.8470 200.6890 1.893074 0.555460 1.758068 4.483390 0.994635 35.291458 -6.503974 0.20260327
Cyclist -1 -1 -5.9071 322.9394 179.1135 375.8523 225.2140 1.756941 0.701180 1.791378 -9.894377 1.704336 27.322504 -6.254590 0.17044693
Cyclist -1 -1 -6.2580 587.4409 164.1215 617.9374 196.7394 1.920423 0.655882 1.795375 -0.140724 0.956216 41.975918 -6.261305 0.16865481
Cyclist -1 -1 -6.4506 671.4149 163.6780 708.8137 201.9883 1.871018 0.610129 1.753584 4.172290 1.049622 34.878277 -6.331518 0.15464403
