Car -1 -1 -4.5953 440.0966 174.1710 478.4403 200.7509 1.414527 1.663385 3.892402 -8.128506 1.077846 39.637547 -4.797553 0.98573488
Car -1 -1 -7.0921 0.0000 207.5872 295.5771 369.0000 1.460947 1.582595 3.742961 -3.225161 1.667632 3.498834 -7.836833 0.83624321
Pedestrian -1 -1 -6.4252 799.1197 160.4684 875.9370 275.4171 1.759832 0.621726 1.077435 3.618942 1.453542 11.222239 -6.113226 0.86797953
Pedestrian -1 -1 -8.4771 1049.3273 147.8768 1089.8508 222.0612 1.798934 0.606466 0.587065 11.417391 1.008167 17.452106 -7.897747 0.55501598
Pedestrian -1 -1 -5.4031 1165.2969 145.0392 1205.4526 217.0042 1.755646 0.553253 0.536770 14.330640 0.890879 17.518847 -4.717475 0.44426006
Pedestrian -1 -1 -5.2645 1102.2885 150.6773 1136.9022 223.2027 1.785091 0.556168 0.426969 12.788532 1.051380 17.636627 -4.637131 0.39988565
Pedestrian -1 -1 -8.5820 994.5980 142.7068 1065.3582 271.4713 1.751880 0.567449 0.649901 5.941177 1.238091 9.992655 -8.045588 0.15669575
Pedestrian -1 -1 -5.0764 1113.4429 150.0772 1144.7731 221.6130 1.764267 0.526902 0.383778 13.068017 1.014284 17.693378 -4.440269 0.15298459
Pedestrian -1 -1 -3.2214 1015.7153 162.7702 1026.0411 207.5378 1.882562 0.541087 0.335130 17.646631 1.137201 30.049250 -2.690404 0.10071105
Cyclist -1 -1 -5.2743 1042.6923 148.5533 1108.5876 220.4261 1.678590 0.538612 1.660654 11.467195 0.932809 17.349230 -4.690214 0.11805549
Cyclist -1 -1 -5.4315 1155.6147 145.2899 1223.0000 214.5291 1.618062 0.535529 1.591253 14.354268 0.795565 17.325758 -4.739619 0.10219152
