Car -1 -1 -8.1505 800.7795 0.0000 1237.0000 373.0000 2.287903 2.053212 5.933659 2.658735 1.538643 5.033708 -7.664587 0.44898146
Pedestrian -1 -1 -7.5188 572.0176 169.6105 610.0812 249.4415 1.678491 0.582933 0.844965 -0.256520 1.429079 15.595917 -7.535257 0.92884773
Pedestrian -1 -1 -7.8826 614.7738 166.4226 633.4194 220.3786 1.759174 0.592487 0.834504 0.719366 1.268023 23.838213 -7.852423 0.82474691
Pedestrian -1 -1 -5.5495 3.0757 177.1046 136.4260 367.7470 1.673019 0.622958 0.775084 -4.949171 1.635168 6.650320 -6.189313 0.82346684
Pedestrian -1 -1 -7.7409 243.7361 159.2395 297.7742 285.8390 1.799414 0.652788 0.730703 -4.936586 1.483670 10.659601 -8.174572 0.75266343
Pedestrian -1 -1 -7.6456 464.0090 169.9689 498.3868 252.0708 1.709336 0.593389 0.698407 -2.595305 1.469837 15.316444 -7.813439 0.24835055
Pedestrian -1 -1 -4.3127 537.9952 167.8335 566.8172 233.5525 1.728672 0.573356 0.629555 -1.346085 1.369697 19.285793 -4.382343 0.18753572
Pedestrian -1 -1 -8.1323 629.6942 163.1290 645.9475 202.2586 1.868039 0.630669 0.641849 1.742304 0.991256 34.677078 -8.082079 0.18177313
Pedestrian -1 -1 -4.6501 599.0214 163.8904 615.7925 208.4436 1.876530 0.671875 0.744034 0.241542 1.135147 30.650066 -4.642225 0.14578132
Pedestrian -1 -1 -6.3160 637.2931 163.5570 652.2665 201.8742 1.879738 0.541697 0.720654 2.130141 0.999732 35.520035 -6.256127 0.11325650
Pedestrian -1 -1 -6.3765 648.2629 163.0459 665.9317 201.9359 1.865289 0.521874 0.805448 2.675948 0.980415 34.721218 -6.299551 0.10384364
Cyclist -1 -1 -4.5744 461.8536 166.2369 500.1180 257.3227 1.828477 0.575173 1.729072 -2.580682 1.522665 15.292573 -4.741540 0.11515903
