Car -1 -1 -8.0918 756.0096 97.2453 1090.3621 373.0000 2.185663 2.032387 5.388417 3.077860 1.524679 8.432637 -7.741843 0.44345164
Pedestrian -1 -1 -7.5778 502.8247 168.1428 533.8581 239.0199 1.759643 0.606828 0.736904 -2.139166 1.428554 18.245865 -7.694486 0.81212682
Pedestrian -1 -1 -3.8670 183.3648 166.6294 290.0349 346.0173 1.695142 0.600275 0.751254 -3.713180 1.555334 7.246985 -4.340486 0.79283464
Pedestrian -1 -1 -4.1864 1151.8846 164.0189 1237.0000 373.0000 1.648577 0.575630 0.638376 4.181648 1.540600 4.844216 -3.474323 0.41552719
Pedestrian -1 -1 -4.1324 559.6623 166.5782 586.6784 221.3149 1.735108 0.614385 0.654899 -0.939076 1.262540 23.209366 -4.172839 0.34407088
Pedestrian -1 -1 -7.5669 356.3665 165.7843 396.8005 255.5934 1.790451 0.640474 0.612589 -4.612239 1.477726 14.632960 -7.872207 0.34189084
Pedestrian -1 -1 -7.8597 629.0484 164.9520 645.8196 215.4019 1.805370 0.599689 0.747961 1.280403 1.213585 26.092489 -7.810717 0.31358662
Pedestrian -1 -1 -4.8903 1197.5518 150.3592 1237.0000 373.0000 1.676597 0.660223 0.680575 4.122494 1.504369 4.454891 -4.143656 0.20639628
Pedestrian -1 -1 -5.5936 188.2715 199.0402 333.5116 373.0000 1.436747 0.579690 0.954949 -2.905870 1.594934 6.053095 -6.041198 0.17660613
Pedestrian -1 -1 -7.8013 641.0095 168.4010 661.8548 228.8567 1.657205 0.547232 0.687830 1.368313 1.298631 20.065321 -7.733222 0.17339800
Pedestrian -1 -1 -4.6988 1213.9894 153.8923 1237.0000 373.0000 1.706069 0.578646 0.618505 4.631486 1.529960 5.025251 -3.954110 0.10934473
Pedestrian -1 -1 -8.4425 648.9437 164.6513 668.1338 201.4811 1.876063 0.680368 0.758805 2.938150 1.018020 37.088211 -8.363428 0.10046224
Cyclist -1 -1 -4.8600 624.5646 165.1507 648.1612 216.6811 1.813411 0.597770 1.790488 1.235974 1.238461 26.199707 -4.812907 0.38511276
Cyclist -1 -1 -5.0074 634.0547 170.1982 668.4423 230.3953 1.611273 0.502037 1.625896 1.341874 1.309265 20.076086 -4.940687 0.27908593
