Car -1 -1 -4.6701 606.0104 166.6224 641.1967 197.1012 1.450767 1.606045 4.132532 1.160559 0.742852 36.312336 -4.638177 0.99205339
Pedestrian -1 -1 -8.1306 903.1200 154.8065 967.6225 288.3219 1.642357 0.563315 0.758232 4.234580 1.314682 9.253676 -7.701396 0.94882381
Pedestrian -1 -1 -4.7466 587.0026 161.6708 599.1646 195.3579 1.865018 0.656210 0.648785 -0.472472 0.767365 40.108292 -4.758396 0.35704529
Pedestrian -1 -1 -3.2868 763.1595 156.3507 797.1656 232.2502 1.808557 0.604010 0.719801 4.297699 1.209830 17.451916 -3.045295 0.32843980
Pedestrian -1 -1 -4.8577 585.8088 161.0580 599.6721 195.1492 1.859441 0.661114 0.753262 -0.486738 0.744632 39.604057 -4.869981 0.30053172
Pedestrian -1 -1 -8.1536 570.1778 162.6444 587.0728 197.7322 1.895201 0.706790 0.839895 -1.256318 0.876920 39.311577 -8.185512 0.26121873
Pedestrian -1 -1 -4.8373 588.4938 161.3271 601.2703 194.1807 1.836451 0.651564 0.584520 -0.374529 0.708972 40.486713 -4.846519 0.18782490
Pedestrian -1 -1 -6.5141 761.4816 153.4089 799.3544 231.0610 1.817682 0.584638 0.759925 4.218636 1.160667 17.111200 -6.272421 0.13423565
Pedestrian -1 -1 -8.1195 569.8684 162.6793 587.3284 198.1373 1.887035 0.720123 0.938030 -1.242602 0.885596 38.782932 -8.151495 0.12867364
Pedestrian -1 -1 -8.1584 572.2153 162.1672 588.1583 196.0607 1.861228 0.702912 0.713309 -1.186524 0.799746 39.898853 -8.188169 0.11384233
Cyclist -1 -1 -4.2392 161.5654 153.0650 381.7427 373.0000 1.684039 0.556872 1.777556 -2.099687 1.532737 4.744639 -4.655794 0.99007952
Cyclist -1 -1 -4.3583 567.5895 162.0552 588.6835 196.9371 1.878271 0.643391 1.612222 -1.277289 0.831407 39.546417 -4.390636 0.11110563
