Car -1 -1 -7.9891 702.0549 193.4503 773.5818 248.7623 1.426502 1.598159 4.199444 3.799440 2.123897 22.316595 -7.820503 0.99678922
Car -1 -1 -4.3289 132.8389 205.3002 426.2528 374.0000 1.464260 1.453347 3.264183 -3.001979 1.859648 7.157449 -4.726025 0.99462765
Car -1 -1 -4.5690 463.6344 178.6304 549.7587 264.6732 1.900994 1.597490 3.858364 -2.532418 2.061342 18.133785 -4.707714 0.99265456
Car -1 -1 -8.2760 773.1108 186.6437 1004.5511 346.0041 1.682235 1.622059 3.229207 3.398849 1.897068 9.581613 -7.935153 0.98961872
Car -1 -1 -4.6206 554.4340 188.9857 590.2916 218.9463 1.484674 1.620202 4.120134 -2.078935 2.427603 40.097706 -4.672351 0.98943275
Car -1 -1 -4.9697 732.2731 195.5153 859.7462 277.6444 1.448112 1.649641 4.347350 3.912623 2.022827 16.119419 -4.731590 0.92309701
Car -1 -1 -8.6105 974.7053 223.5216 1241.0000 374.0000 1.341147 1.661012 3.943852 3.850796 1.768021 4.108415 -7.857471 0.85835189
Car -1 -1 -8.0006 667.0675 189.6465 705.6526 220.3817 1.498266 1.562092 3.532588 4.036023 2.446014 38.936993 -7.897344 0.79117841
Car -1 -1 -8.0300 679.2446 190.8932 724.6505 224.7387 1.448487 1.581629 3.304967 4.288546 2.349853 34.373837 -7.905905 0.65019333
Car -1 -1 -8.0366 689.3364 194.0589 747.4774 236.0977 1.413941 1.577841 3.652018 4.088467 2.290823 27.993473 -7.891611 0.17852883
Car -1 -1 -4.5698 490.8246 188.2119 560.0848 245.0569 1.608135 1.673177 4.183426 -2.721881 2.156633 23.669052 -4.684297 0.12899771
