Car -1 -1 -8.0735 715.9826 184.4729 863.1911 280.9983 1.378758 1.622341 4.068131 2.932373 1.617965 12.835225 -7.848883 0.99971062
Car -1 -1 -7.9777 653.4115 172.7738 703.0125 211.2702 1.571905 1.636101 4.235898 2.873235 1.568329 31.605953 -7.886994 0.99968314
Car -1 -1 -4.6116 525.4605 178.1106 573.8887 217.4975 1.392703 1.508752 3.552374 -2.308676 1.607828 27.780279 -4.694512 0.99806494
Car -1 -1 -5.6490 22.4315 180.6937 379.8856 300.0189 1.473001 1.648634 4.216826 -5.657852 1.594495 10.129222 -6.158411 0.99429321
Car -1 -1 -2.7377 290.5304 174.1639 457.7295 239.3113 1.619124 1.660682 3.835026 -6.175973 1.655074 18.970467 -3.052418 0.98946196
Car -1 -1 -2.8365 430.0039 174.6488 526.1437 207.0793 1.494262 1.662999 4.211214 -6.302670 1.582361 34.451565 -3.017410 0.98326302
Car -1 -1 -5.5746 168.6974 181.4681 414.4500 279.6970 1.520350 1.621486 3.832405 -5.633340 1.687861 12.728439 -5.991292 0.96747601
Car -1 -1 -5.4020 245.9803 178.3108 426.2560 254.2169 1.511104 1.630937 3.990937 -6.272487 1.646850 16.298140 -5.769352 0.93536472
Car -1 -1 -2.1765 0.0000 171.4847 182.7140 354.6260 1.623311 1.638492 3.701764 -6.779495 1.610874 7.628866 -2.903062 0.90777105
Car -1 -1 -8.5116 863.2008 214.1101 1241.0000 374.0000 1.361791 1.712275 4.102849 2.757380 1.681830 3.548563 -7.851045 0.77431899
Car -1 -1 -5.3526 0.0000 149.0387 69.9373 374.0000 1.724223 1.793960 4.618446 -6.706260 1.592986 4.887936 -6.293569 0.16884270
Car -1 -1 -5.4420 0.0000 139.3791 89.1175 374.0000 1.694999 1.764115 4.376425 -5.718195 1.571669 3.829529 -6.422644 0.14867763
Cyclist -1 -1 -2.0820 0.0000 170.1054 125.6596 374.0000 1.673792 0.704312 1.713783 -4.118373 1.658243 4.614523 -2.810692 0.20349142
Cyclist -1 -1 -2.0859 0.0000 170.0464 144.3645 374.0000 1.729625 0.714801 1.684175 -3.632217 1.715919 4.052687 -2.816671 0.10151161
