Car -1 -1 -8.2162 740.9418 188.9636 1008.7405 343.1140 1.398730 1.648919 4.248795 2.922076 1.651410 9.165251 -7.907613 0.99984074
Car -1 -1 -7.9608 655.7057 171.7848 709.8212 219.2964 1.744692 1.676140 4.208072 2.761778 1.705130 28.608654 -7.864556 0.99967492
Car -1 -1 -2.8868 346.8358 176.3675 472.4012 226.7629 1.547344 1.615647 3.583075 -6.392117 1.663619 23.105368 -3.156707 0.93007201
Car -1 -1 -2.2395 0.0000 151.6847 173.2057 374.0000 1.905727 1.726888 4.313744 -6.987324 1.728845 7.150860 -3.013330 0.78114545
Car -1 -1 -2.9098 419.8837 169.4605 514.4447 210.6637 1.838586 1.702424 3.973848 -6.547449 1.686860 33.120178 -3.104958 0.75557286
Car -1 -1 -2.9133 382.8158 178.7418 499.6342 220.5437 1.447953 1.581490 3.842453 -6.065796 1.666349 26.008516 -3.142448 0.48769853
Car -1 -1 -2.7001 68.1380 178.3685 363.5721 278.0040 1.507293 1.613398 3.978816 -6.381379 1.605017 11.920730 -3.191567 0.40975890
Car -1 -1 -6.2842 425.8276 168.3810 529.8876 208.6852 1.899294 1.777690 4.886923 -6.478695 1.688207 35.319126 -6.465632 0.32377136
Car -1 -1 -2.8592 441.5649 170.6822 531.3549 203.9095 1.656371 1.715077 4.236195 -6.346487 1.547809 37.058884 -3.028827 0.17978130
Car -1 -1 -7.9054 635.4286 177.4976 659.1746 198.5356 1.479052 1.554204 3.910502 2.706577 1.835944 53.546261 -7.854887 0.14047158
Car -1 -1 -2.2214 0.0000 149.7807 67.1589 374.0000 1.791027 1.842643 4.563022 -6.728678 1.665453 4.889383 -3.163847 0.10963219
Pedestrian -1 -1 -4.3364 1157.1550 183.5072 1192.2042 234.8376 1.623556 0.632778 0.848382 18.351603 1.977606 23.512230 -3.673647 0.16300668
