Car -1 -1 -4.3712 260.5148 188.9645 431.6359 289.9492 1.483902 1.665198 4.025684 -4.666169 1.824681 13.260680 -4.709557 0.99978477
Car -1 -1 -8.2596 822.4019 186.1481 1126.8862 359.2210 1.465402 1.608286 3.913182 3.763068 1.655815 8.381343 -7.837551 0.99943787
Car -1 -1 -8.0659 709.0440 180.1619 805.3506 243.9118 1.471833 1.626286 4.250957 3.744362 1.688607 19.291056 -7.874214 0.99933147
Car -1 -1 -8.1092 747.4284 181.2198 889.9521 274.6300 1.496403 1.630849 3.967568 3.771974 1.680438 13.907077 -7.844353 0.99915910
Car -1 -1 -4.4665 383.6821 185.1165 483.4827 251.4428 1.483884 1.610966 3.934860 -4.523737 1.837494 18.848749 -4.702060 0.99773240
Car -1 -1 -4.5001 437.2432 184.7210 512.8139 233.5112 1.415129 1.624553 4.197924 -4.443724 1.845811 24.082348 -4.682579 0.99691856
Car -1 -1 -4.6020 521.6604 180.0794 559.9395 207.9845 1.434921 1.687703 4.048913 -3.839173 1.857525 40.194504 -4.697188 0.99616420
Car -1 -1 -8.0190 695.3677 179.0760 758.6533 227.4366 1.500553 1.552917 3.544523 3.868899 1.727946 24.625267 -7.863115 0.97589445
Car -1 -1 -8.0322 684.4525 177.6858 727.2159 209.1716 1.448967 1.507987 3.312030 4.615266 1.697143 35.414528 -7.902642 0.88288748
Car -1 -1 -8.0002 690.7598 177.4972 740.2123 218.1818 1.546473 1.517706 3.328395 4.208005 1.746577 29.474691 -7.858428 0.70101470
Car -1 -1 -8.4247 1020.6141 176.5429 1119.8741 216.3236 1.440818 1.553030 3.634373 17.878347 1.594490 28.294111 -7.861154 0.41959500
Car -1 -1 -8.4426 896.7663 177.6988 959.5878 205.9072 1.436324 1.448760 3.440829 17.173117 1.711360 39.185337 -8.029513 0.24934022
Car -1 -1 -3.8600 1174.0527 167.7887 1241.0000 222.6797 1.692137 1.674975 4.655687 21.032085 1.535687 23.125908 -3.121999 0.21060793
