Car -1 -1 -4.5202 396.2829 157.6776 490.5273 228.7624 1.964399 1.952268 4.822162 -4.771630 1.306569 22.279882 -4.731155 0.95589918
Car -1 -1 -4.6592 524.6871 164.6672 568.3341 201.2779 1.554913 1.748103 4.508269 -2.451659 0.840308 32.781185 -4.733851 0.89988321
Car -1 -1 -4.5996 440.7512 159.9728 505.5443 216.8415 2.073616 1.999123 4.938253 -5.035002 1.289048 28.718058 -4.773118 0.56377178
Car -1 -1 -2.7724 0.0000 139.3563 159.9332 258.1325 2.336757 1.973476 5.729851 -13.399290 1.508227 15.989963 -3.469864 0.26417291
Pedestrian -1 -1 -7.4418 225.0875 168.0570 293.8145 279.1627 1.712466 0.676567 0.950403 -5.524374 1.505911 11.557991 -7.887668 0.99416542
Pedestrian -1 -1 -4.2628 1085.2207 142.9477 1195.3311 331.1537 1.716818 0.571337 0.793507 5.186244 1.365860 6.989894 -3.624483 0.95234996
Pedestrian -1 -1 -8.1805 711.7040 151.3890 788.6573 318.9450 1.725971 0.584480 0.820566 1.554063 1.416505 7.844399 -7.984926 0.88871843
Pedestrian -1 -1 -4.2681 759.9567 150.8864 828.0677 270.4202 1.770644 0.678737 0.972607 2.972495 1.317816 11.231044 -4.009360 0.88297176
Pedestrian -1 -1 -4.7392 807.4760 154.4455 860.3646 306.7414 1.657545 0.551794 0.741812 2.604425 1.363787 8.250685 -4.433474 0.82406765
Pedestrian -1 -1 -3.7427 342.1438 161.3985 409.2400 270.6653 1.774656 0.627949 0.889185 -3.874078 1.448808 12.210493 -4.049894 0.60836256
Pedestrian -1 -1 -3.6206 1064.4928 149.3566 1162.6866 300.4256 1.709850 0.498831 0.797087 5.940905 1.346730 8.431066 -3.006803 0.53909469
Pedestrian -1 -1 -3.5489 311.2249 161.5120 375.2344 268.5937 1.753768 0.542673 0.885946 -4.448376 1.427037 12.265994 -3.896841 0.51475704
Pedestrian -1 -1 -3.4974 1074.5844 149.5147 1181.0283 299.0365 1.718200 0.489048 0.914738 6.235062 1.351336 8.612574 -2.870774 0.15482889
Pedestrian -1 -1 -3.6559 782.1593 153.1875 843.1633 259.5038 1.758908 0.514156 0.853622 3.546389 1.291129 12.232574 -3.373720 0.15016590
Pedestrian -1 -1 -7.8618 621.1701 160.6362 644.3790 235.3849 1.734591 0.538358 0.714267 0.701752 1.250979 17.035355 -7.820599 0.11713063
Pedestrian -1 -1 -3.7719 1068.6515 143.8902 1180.8030 299.6215 1.683164 0.500243 0.887461 5.770492 1.277369 8.016807 -3.147968 0.11137827
Pedestrian -1 -1 -3.4265 314.2943 158.4576 377.6924 266.5708 1.822126 0.558274 0.928054 -4.524066 1.434395 12.605553 -3.771088 0.10400541
Cyclist -1 -1 -8.1507 610.9308 160.0346 654.1640 240.5505 1.808986 0.545186 1.693706 0.677767 1.327268 17.027468 -8.110902 0.45956141
Cyclist -1 -1 -4.6885 343.9989 160.1127 394.4167 275.6057 1.771568 0.743457 1.806155 -3.897174 1.444146 11.990372 -5.002774 0.18226677
