Car -1 -1 -7.9907 630.8672 180.8509 692.1592 226.3838 1.410104 1.572729 4.036256 1.664908 1.711367 25.140450 -7.924618 0.99986207
Car -1 -1 -6.8571 846.3442 192.2780 1200.4543 319.4499 1.475761 1.633209 3.834145 5.285848 1.759886 9.614492 -6.354401 0.99592823
Car -1 -1 -3.8995 957.8635 186.3104 1241.0000 372.6023 1.502690 1.658160 4.068151 5.700092 1.649656 6.928251 -3.211036 0.99076629
Car -1 -1 -2.8016 251.8589 185.0610 433.8007 242.6776 1.435002 1.630407 4.231746 -7.041856 1.773206 19.167711 -3.153714 0.98813361
Car -1 -1 -5.4967 0.0000 156.2072 220.5757 343.8747 1.865569 1.694723 3.881020 -6.847853 1.699786 8.191389 -6.192987 0.96344125
Car -1 -1 -6.6780 810.0652 164.1720 1095.6956 285.1669 1.861764 1.699007 3.944927 5.474384 1.727872 12.015825 -6.250535 0.79424191
Car -1 -1 -7.9077 614.9710 176.3652 644.8903 203.8669 1.500546 1.531419 3.459866 1.075962 1.711038 41.566093 -7.881823 0.79332066
Car -1 -1 -2.9526 304.6945 183.1377 441.0393 235.8950 1.475139 1.601305 3.640613 -7.050395 1.797259 21.597961 -3.268113 0.26363066
Car -1 -1 -5.1224 820.2242 162.9977 1060.3329 309.8113 1.823087 1.641017 4.446339 4.700030 1.700395 11.193058 -4.724849 0.10635617
Cyclist -1 -1 -7.6094 420.1143 168.8905 469.4916 265.4907 1.820384 0.543046 1.838392 -3.346621 1.745393 14.520982 -7.835867 0.97278428
