Car -1 -1 -8.1361 776.5919 191.9650 951.9427 301.9009 1.424662 1.625438 4.109389 3.975798 1.801432 12.155145 -7.819947 0.99903846
Car -1 -1 -8.1187 735.4817 183.3130 840.8411 257.2092 1.590178 1.618135 3.591161 4.230293 1.875199 17.862867 -7.886140 0.99896014
Car -1 -1 -8.4151 872.6938 136.5734 1241.0000 374.0000 1.756438 1.730753 4.468198 3.807667 1.565925 6.019491 -7.851115 0.99873513
Car -1 -1 -4.5408 477.6391 186.1349 538.3338 230.7297 1.529166 1.673346 3.961650 -3.913790 2.080155 27.943968 -4.679979 0.99777824
Car -1 -1 -8.0111 716.4337 184.1074 784.2883 236.9152 1.510340 1.578753 3.618640 4.388532 1.901210 23.248995 -7.824516 0.99065536
Car -1 -1 -7.9583 701.9295 183.8646 752.8165 225.4638 1.498075 1.623423 3.610038 4.576360 1.965529 28.806799 -7.800707 0.97728252
Car -1 -1 -7.9662 690.6528 183.1864 733.3250 216.9192 1.470071 1.595841 3.785462 4.782947 1.991604 34.528465 -7.828549 0.96733731
Car -1 -1 -4.5458 508.0728 187.2045 559.1752 222.2137 1.449401 1.699658 4.256603 -3.549495 2.165305 33.833599 -4.650367 0.45152664
Car -1 -1 -4.6144 570.7045 182.8355 595.7435 204.4803 1.542611 1.562600 3.613933 -2.038488 2.328523 54.982075 -4.651443 0.26871306
Car -1 -1 -7.1695 987.2396 147.3458 1241.0000 374.0000 1.718918 1.699332 4.289127 4.689569 1.604775 4.156530 -6.323915 0.18469405
Car -1 -1 -6.6860 817.8610 181.6396 1143.3403 294.4218 1.527557 1.616908 4.035609 5.300054 1.670218 10.827984 -6.230793 0.13786361
