Car -1 -1 -8.5172 485.9738 156.4090 782.8633 330.7066 1.925717 1.713876 4.558140 0.030404 1.743726 10.297529 -8.514240 0.99913174
Car -1 -1 -4.8923 864.2927 173.4131 975.3665 242.1314 1.392623 1.633165 4.078398 7.005647 1.407039 16.824066 -4.497697 0.99863821
Car -1 -1 -8.1789 369.4106 192.8158 493.2288 267.7010 1.394253 1.576814 3.883793 -4.262910 1.909827 16.588902 -8.430401 0.99549830
Car -1 -1 -7.8899 772.6345 171.2969 841.8098 232.9378 1.440640 1.576957 3.537706 4.989928 1.403947 18.763195 -7.630022 0.99140972
Car -1 -1 -8.0238 256.5822 189.5097 316.7743 228.8010 1.382158 1.579386 3.858188 -13.155942 2.101915 29.152609 -8.447716 0.98676610
Car -1 -1 -2.8535 433.8782 175.7734 531.3472 214.6457 1.702275 1.704536 4.051330 -5.797366 1.839180 32.834759 -3.028222 0.96496272
Car -1 -1 -7.9763 239.6941 187.3233 289.0722 222.6510 1.479192 1.626170 3.895026 -16.364307 2.202205 33.991352 -8.425010 0.96212566
Car -1 -1 -6.2539 947.1066 163.7828 1110.7278 229.8355 1.620435 1.637038 3.658966 11.100977 1.397596 19.355211 -5.733119 0.89626646
Car -1 -1 -4.5204 34.4794 190.4178 90.3520 224.8581 1.634847 1.713996 3.537535 -28.969002 2.612770 38.220818 -5.168946 0.85627764
Car -1 -1 -7.1617 1175.4866 98.7472 1241.0000 276.4221 2.426334 2.046523 6.146776 12.376183 1.414029 10.978395 -6.316497 0.13354535
Car -1 -1 -2.2554 0.0000 150.2214 80.5973 374.0000 1.976335 1.983412 5.242218 -8.522603 1.788455 6.975073 -3.140359 0.12008005
