Car -1 -1 -7.5963 308.2007 176.2315 493.8416 318.5559 1.658223 1.597799 3.830413 -2.826268 1.715685 10.418715 -7.861169 0.99988925
Car -1 -1 -4.1134 0.0000 199.7985 162.7093 282.1991 1.532665 1.675616 4.012109 -12.480046 2.235532 16.791735 -4.752586 0.99826825
Car -1 -1 -7.8538 589.7161 177.2517 616.3096 203.4595 1.601294 1.649775 3.971755 -0.488590 1.898083 46.749531 -7.864273 0.98030925
Car -1 -1 -4.5905 458.1029 183.4444 485.7934 205.1729 1.555895 1.606762 4.241052 -10.691460 2.408661 55.950909 -4.779276 0.40120706
Car -1 -1 -4.4807 455.3211 183.4755 487.7278 204.0615 1.528087 1.619812 4.275191 -11.104734 2.413060 57.968491 -4.669993 0.14614099
Pedestrian -1 -1 -4.1937 664.9345 167.4251 699.5758 234.2108 1.808716 0.665189 0.768345 1.960474 1.661390 20.046711 -4.096227 0.43222040
Pedestrian -1 -1 -5.9903 684.7012 160.9728 727.8575 236.7388 1.832462 0.548852 0.943394 2.338271 1.544806 17.894789 -5.860401 0.43129972
Pedestrian -1 -1 -6.5416 707.7809 163.2884 758.8621 241.4959 1.721910 0.646492 1.000593 2.716143 1.511003 16.254507 -6.376069 0.31956074
Pedestrian -1 -1 -5.8572 689.3435 161.0455 732.4615 235.8621 1.839764 0.567170 0.927826 2.498104 1.549089 18.230047 -5.721064 0.31935337
Pedestrian -1 -1 -5.7687 696.6740 162.9068 739.8476 235.5859 1.823679 0.625879 0.912950 2.743830 1.573783 18.632200 -5.622514 0.22250172
Pedestrian -1 -1 -2.9478 676.9590 158.9230 720.2968 237.4218 1.856266 0.557338 0.953381 2.098452 1.526540 17.474281 -2.828310 0.15122588
Pedestrian -1 -1 -2.6176 706.0453 165.2522 747.3989 234.0236 1.768532 0.645247 0.874317 3.035494 1.572745 19.081129 -2.459812 0.14704125
Pedestrian -1 -1 -5.8295 705.9902 162.4674 750.9794 237.2168 1.799464 0.584764 0.939060 2.883741 1.549124 17.879190 -5.669538 0.12397153
Pedestrian -1 -1 -4.3758 669.6700 165.4213 702.9904 232.9704 1.788051 0.677519 0.793905 2.028508 1.591004 19.602755 -4.272719 0.11950270
Pedestrian -1 -1 -6.4431 694.5788 159.6865 743.9825 239.4463 1.842922 0.637122 1.060731 2.511883 1.538376 16.997335 -6.296416 0.11674934
Cyclist -1 -1 -2.7269 687.3350 161.4741 772.4890 245.8902 1.813709 0.676573 1.770873 2.639680 1.568908 16.268217 -2.566027 0.50257987
