Car -1 -1 -8.0660 693.8580 168.7588 811.2838 266.6218 1.749673 1.598539 3.514954 2.706581 1.676156 14.680665 -7.883686 0.99974626
Car -1 -1 -8.3388 801.7101 192.9837 1241.0000 374.0000 1.440037 1.603289 4.064418 2.764994 1.649203 5.463180 -7.870268 0.99925202
Car -1 -1 -7.9449 656.7474 176.1924 705.3033 217.5888 1.517072 1.580554 3.518402 2.700260 1.656738 28.488707 -7.850448 0.99798489
Car -1 -1 -5.5857 166.8608 174.7438 407.7942 270.1881 1.589892 1.658105 3.942024 -6.006413 1.628205 13.407436 -6.006867 0.98615950
Car -1 -1 -5.7917 215.5711 175.2828 428.5295 254.8445 1.631975 1.667685 4.060156 -6.318985 1.688841 15.923713 -6.169457 0.95947802
Car -1 -1 -2.6888 244.7374 162.2650 425.8519 241.7764 1.910788 1.709973 3.961672 -6.960620 1.656017 18.370453 -3.050969 0.94079816
Car -1 -1 -6.0050 353.9865 178.0633 492.3798 224.3386 1.453382 1.612015 4.119368 -6.115379 1.630489 23.713835 -6.257369 0.86005485
Car -1 -1 -5.9032 388.6159 177.0479 505.8406 220.9749 1.488901 1.582244 3.761193 -5.813450 1.644466 25.738964 -6.125342 0.39814016
Car -1 -1 -2.6478 0.0000 176.0566 340.3926 316.1710 1.510034 1.578145 3.479645 -5.331458 1.552285 8.701635 -3.197499 0.34818560
Car -1 -1 -5.8535 411.1262 170.6478 520.6344 208.4670 1.619558 1.702671 4.498845 -6.459384 1.524778 32.244629 -6.051173 0.31765136
Car -1 -1 -7.8668 627.9098 175.0452 647.7916 193.3108 1.476603 1.617723 3.949378 2.294404 1.667002 60.802238 -7.829112 0.23877911
Car -1 -1 -6.0276 401.4098 171.3845 512.4169 211.7464 1.640297 1.692384 4.266737 -6.408370 1.580277 30.268574 -6.236201 0.18639714
Car -1 -1 -4.6191 484.4773 169.0617 522.0008 204.7513 1.790436 1.623324 3.697938 -5.625232 1.599890 38.086918 -4.765738 0.16756344
