Car -1 -1 -4.3373 56.0523 182.1082 332.5485 338.3533 1.580054 1.704314 4.003477 -4.954691 1.590382 9.364349 -4.823949 0.99964106
Car -1 -1 -3.7415 0.0000 195.2038 99.3754 373.0000 1.681793 1.725796 4.552467 -8.528628 1.885794 8.270058 -4.542266 0.27278563
Pedestrian -1 -1 -4.7799 628.4362 148.0322 661.6013 234.3001 1.884321 0.683798 0.842182 0.929605 1.153857 16.114820 -4.722297 0.85527718
Pedestrian -1 -1 -3.8322 0.0000 157.5199 124.2810 373.0000 1.777743 0.670645 0.764052 -4.129659 1.619096 5.218476 -4.501606 0.58024150
Pedestrian -1 -1 -4.3146 454.5728 162.5290 478.0655 214.7756 1.855632 0.636310 0.636285 -4.890197 1.182237 25.890707 -4.501299 0.23456229
Pedestrian -1 -1 -3.9513 0.0000 144.0575 121.8915 373.0000 1.784916 0.716451 0.849796 -3.669026 1.577897 4.435175 -4.642426 0.22527403
Pedestrian -1 -1 -6.9254 0.0000 158.4582 127.1419 373.0000 1.785717 0.673861 0.765326 -4.325547 1.623282 5.544888 -7.587933 0.20559183
Pedestrian -1 -1 -3.9040 0.0000 152.7652 115.2900 373.0000 1.782488 0.663708 0.785337 -3.950361 1.606484 4.849673 -4.587514 0.20276970
Pedestrian -1 -1 -3.6629 0.0000 177.5829 92.7378 373.0000 1.640031 0.629483 0.719529 -5.149631 1.608427 6.378260 -4.342117 0.16628197
Pedestrian -1 -1 -4.6856 564.1935 156.9455 590.5035 227.7919 1.890997 0.697019 0.893832 -0.683131 1.236104 19.623129 -4.720357 0.13806760
Pedestrian -1 -1 -3.6458 0.0000 159.3231 103.8422 373.0000 1.784627 0.673003 0.816205 -4.697126 1.622475 5.780699 -4.328167 0.13456196
Pedestrian -1 -1 -3.7582 0.0000 169.9845 77.0920 365.4315 1.774030 0.656263 0.660724 -5.679778 1.670225 6.925464 -4.445119 0.12759078
Pedestrian -1 -1 -3.9440 0.0000 126.6843 145.9650 373.0000 1.812632 0.733205 0.953872 -2.873372 1.594617 3.365847 -4.650661 0.11565670
Pedestrian -1 -1 -3.9998 0.0000 130.9981 116.4676 373.0000 1.799510 0.763848 0.954591 -3.310503 1.568258 3.780132 -4.719047 0.11057910
Cyclist -1 -1 -4.5347 301.5247 154.4722 384.6220 316.9810 1.758556 0.641357 1.807245 -3.130106 1.466777 8.717688 -4.879455 0.97395194
Cyclist -1 -1 -3.8351 0.0000 104.4354 151.8306 373.0000 1.923643 0.695812 1.842251 -3.710084 1.576366 4.207970 -4.557745 0.11670131
