Car -1 -1 -7.4878 215.5033 181.7994 423.0264 307.1176 1.546089 1.611437 3.685861 -4.088244 1.504098 10.712981 -7.852362 0.99985731
Car -1 -1 -7.6638 437.2755 184.3323 509.1427 233.6611 1.412108 1.576576 3.374942 -4.130038 1.386977 22.271084 -7.847173 0.99867177
Car -1 -1 -7.8695 594.7986 178.9753 633.8553 215.8554 1.579416 1.673225 4.012722 0.225393 1.312325 32.798996 -7.862588 0.99826390
Car -1 -1 -7.2223 0.0000 190.4718 185.5126 316.6225 1.404902 1.691271 4.271598 -8.172318 1.496579 10.351450 -7.890610 0.99641234
Car -1 -1 -7.7751 490.1970 184.2582 537.5479 220.8861 1.415951 1.626557 4.234131 -3.879478 1.379094 29.944441 -7.903983 0.99630368
Car -1 -1 -7.4412 174.3352 160.3749 331.7557 257.5739 2.019122 1.781952 4.231098 -8.242485 1.503260 17.079794 -7.890830 0.98354083
Car -1 -1 -4.7966 638.5796 180.5646 665.8228 202.8814 1.417151 1.540843 2.862298 2.858928 1.121960 47.097485 -4.736010 0.87728280
Car -1 -1 -4.3909 302.6231 167.2222 414.2303 234.9606 2.028616 1.998544 5.120029 -8.202075 1.489909 24.094738 -4.719032 0.87273979
Car -1 -1 -4.5856 496.5557 183.7112 540.7333 214.5069 1.475218 1.698975 4.323382 -4.505320 1.403305 36.601048 -4.708055 0.67174464
Car -1 -1 -7.7119 583.2476 184.2985 621.3890 211.1270 1.460105 1.658675 3.824028 -0.294722 1.410346 41.128963 -7.719037 0.51218450
Car -1 -1 -8.6091 960.1422 169.6899 1240.0000 375.0000 1.587659 1.594481 3.346575 3.280216 1.548305 3.504933 -7.856846 0.46432486
Car -1 -1 -3.8231 0.0000 175.7159 94.6651 375.0000 1.596384 1.722461 4.250649 -8.065120 1.523360 7.726737 -4.629882 0.33489591
Car -1 -1 -7.5676 415.9262 181.3550 473.1312 214.7874 1.455894 1.603752 3.669501 -7.501872 1.287929 33.186699 -7.789875 0.27002004
Car -1 -1 -7.1217 1148.4233 119.5321 1240.0000 287.6103 2.501547 2.136396 6.024347 12.633477 1.524120 11.827828 -6.303420 0.19328190
Car -1 -1 -4.5299 436.7507 170.8371 485.5901 210.3285 2.283242 2.041448 5.118406 -8.941455 1.452085 44.138115 -4.729808 0.18758520
Car -1 -1 -7.1757 1183.8688 102.0522 1240.0000 306.1946 2.568000 2.145272 6.192873 12.033227 1.522006 10.190518 -6.307533 0.11191380
Car -1 -1 -5.6236 1191.7853 118.5826 1240.0000 375.0000 1.752957 1.728825 4.417552 6.555713 1.504997 4.900439 -4.694754 0.10004181
