Car -1 -1 -6.6916 828.2060 191.2773 1042.2744 267.0691 1.436882 1.607599 3.691249 6.537285 1.837506 14.888324 -6.277843 0.99841619
Car -1 -1 -2.6090 0.0000 182.4026 304.2900 301.8248 1.404512 1.598068 3.996269 -6.437814 1.542763 9.551176 -3.202091 0.99616385
Car -1 -1 -5.8922 257.4634 177.8321 459.9543 250.4899 1.562857 1.677263 4.070150 -5.735103 1.683732 16.607319 -6.224699 0.99452752
Car -1 -1 -6.5016 712.5054 184.2763 824.0143 226.2720 1.499381 1.636482 3.814425 5.823624 1.940331 27.043177 -6.289537 0.98943555
Car -1 -1 -3.8344 953.7418 194.8561 1241.0000 362.4278 1.488631 1.667949 4.253708 6.038629 1.743538 7.503252 -3.156706 0.98282152
Car -1 -1 -7.9355 639.5516 183.6815 672.7644 208.8368 1.336442 1.612346 3.775474 2.599147 1.993084 41.875050 -7.873517 0.97993588
Car -1 -1 -2.6563 105.7068 184.4870 397.7979 278.5499 1.436517 1.618621 4.113955 -5.915272 1.645483 12.107388 -3.110743 0.97494251
Car -1 -1 -2.7304 338.9072 174.8276 477.6535 234.0137 1.696872 1.657048 3.689356 -6.098648 1.759237 21.834167 -3.002736 0.92342675
Car -1 -1 -5.9831 441.4342 179.0624 529.8113 211.1525 1.485386 1.616259 3.905098 -6.016143 1.794088 34.859039 -6.153952 0.90492433
Car -1 -1 -2.3875 400.6410 180.7996 502.1190 222.8334 1.433897 1.561130 3.579261 -5.953807 1.746137 26.797232 -2.606126 0.28437659
Car -1 -1 -6.4412 801.5894 185.5303 979.8420 257.2366 1.536976 1.747466 3.701695 6.460405 1.859179 17.128431 -6.080504 0.23158245
Car -1 -1 -5.8638 310.6483 180.2922 475.1051 241.4727 1.498060 1.584201 3.822102 -5.690183 1.703685 18.946695 -6.155512 0.11867946
Pedestrian -1 -1 -7.3841 109.0756 171.7152 147.3896 231.8685 1.660003 0.689524 0.619783 -13.568502 1.628276 20.260696 -7.974175 0.22064015
