Car -1 -1 -7.8443 574.5264 181.3472 605.3075 210.9508 1.567042 1.629496 3.833012 -1.007452 1.362421 39.980915 -7.869535 0.99872905
Car -1 -1 -7.6850 433.6764 186.8368 505.8682 237.4766 1.477556 1.614914 4.081736 -4.387607 1.534581 23.161478 -7.872215 0.99856561
Car -1 -1 -7.7279 482.2877 183.5942 525.2581 217.2010 1.503720 1.576189 3.548235 -4.894315 1.431324 33.952141 -7.871094 0.99126458
Car -1 -1 -7.4683 132.3811 100.2837 447.6494 329.8698 2.552493 2.099061 6.003671 -4.266706 1.608393 11.010373 -7.837951 0.78187919
Car -1 -1 -7.2702 10.3680 189.9963 226.5283 290.4000 1.451699 1.490521 3.188767 -8.078697 1.543229 12.142591 -7.857308 0.22290450
Car -1 -1 -5.4096 0.0000 184.0968 57.4875 375.0000 1.807157 1.851245 4.924840 -8.749840 1.797575 7.203496 -6.291656 0.10685754
Pedestrian -1 -1 -6.1612 530.2423 180.9788 542.6130 206.6113 1.806741 0.568303 0.810199 -5.077615 1.508253 50.962826 -6.260478 0.28014469
Pedestrian -1 -1 -6.0370 531.9809 180.2735 544.9249 205.8944 1.824667 0.568982 0.809939 -4.989334 1.472850 51.537144 -6.133461 0.17013702
Pedestrian -1 -1 -6.1973 531.3320 180.4321 542.9856 206.2068 1.802499 0.602639 0.767840 -4.988155 1.468125 50.577808 -6.295615 0.15436959
Cyclist -1 -1 -1.7753 0.0000 170.1984 53.2009 339.1004 1.706049 0.694971 1.715066 -6.976734 1.554519 8.057880 -2.488945 0.15825389
