Car -1 -1 -8.0738 698.9375 179.0732 846.7222 278.3156 1.453290 1.637323 4.174370 2.651570 1.582555 12.930706 -7.871583 0.99995518
Car -1 -1 -5.8785 183.7489 173.2699 433.9052 252.3410 1.485672 1.648358 4.315265 -5.935092 1.494177 14.420735 -6.268987 0.98774403
Car -1 -1 -7.9118 629.7587 172.8968 652.9083 191.8687 1.440483 1.594693 3.799601 2.404647 1.443657 56.704639 -7.869398 0.95476234
Car -1 -1 -5.4261 0.0000 174.0096 305.5258 294.1445 1.417481 1.594649 4.265358 -6.575988 1.435139 9.875885 -6.013509 0.92522389
Car -1 -1 -6.6799 762.8137 176.1878 937.9387 238.9042 1.489373 1.609054 3.868139 5.932746 1.577581 18.196295 -6.364738 0.92144370
Car -1 -1 -2.7113 195.6668 136.7149 476.0759 243.5218 2.337251 1.976807 5.887952 -6.355602 1.546121 16.987810 -3.069315 0.89108557
Car -1 -1 -6.4246 673.6427 172.2434 742.3202 199.0302 1.537032 1.616886 3.789782 5.659942 1.501695 42.225777 -6.291311 0.87997681
Car -1 -1 -5.4305 0.0000 151.7725 160.5845 374.0000 1.557031 1.661263 4.315511 -5.767836 1.440239 4.856869 -6.301397 0.66711336
Car -1 -1 -6.0499 424.8508 168.1175 524.8345 207.7372 1.695956 1.689151 4.055030 -5.953008 1.492908 31.827774 -6.234785 0.63145268
Car -1 -1 -4.5104 78.6899 161.1858 280.7444 292.5209 1.607343 1.817178 4.077278 -6.334758 1.464241 11.051158 -5.030917 0.57329267
Car -1 -1 -2.7867 395.6054 174.9806 504.0043 215.3711 1.429848 1.547764 3.597019 -5.925677 1.511102 26.660078 -3.005453 0.55697548
Car -1 -1 -2.2514 0.0000 168.0557 142.4254 337.1789 1.505936 1.549666 3.427767 -7.017472 1.462910 7.419540 -3.008948 0.47802249
Car -1 -1 -2.7941 447.7074 167.7254 530.9380 204.3410 1.795530 1.692626 3.811405 -6.126125 1.543738 36.558712 -2.960087 0.43509573
Car -1 -1 -2.5291 374.8174 172.6367 486.5912 217.4917 1.437161 1.531622 3.414425 -6.114050 1.429901 24.446203 -2.774132 0.38875368
Car -1 -1 -6.4802 710.9042 172.5412 809.4874 209.7556 1.619663 1.655131 4.063901 6.611638 1.605747 32.241364 -6.277895 0.15905763
Car -1 -1 -4.0313 65.0209 180.2660 255.2618 253.8071 1.559124 1.610709 4.393114 -11.026287 1.767611 18.041134 -4.579895 0.14799881
Cyclist -1 -1 -7.1571 0.0000 165.4446 72.2647 374.0000 1.731828 0.509645 1.685613 -3.765190 1.700739 3.858165 -7.930341 0.10289033
