Car -1 -1 -2.6669 0.0000 160.0476 353.5502 312.6267 1.805991 1.754335 4.390121 -5.955703 1.654109 9.592151 -3.222512 0.99820852
Car -1 -1 -2.8770 343.4221 175.0157 461.4938 223.6669 1.583211 1.621910 3.535224 -6.994744 1.658494 24.391521 -3.156284 0.98884332
Car -1 -1 -8.0600 699.3159 183.7138 806.2596 260.8818 1.410914 1.523156 3.524815 2.879701 1.670250 15.471731 -7.875971 0.94859773
Car -1 -1 -2.9447 374.4621 178.5409 499.5031 218.5700 1.452232 1.627095 4.371376 -6.520401 1.674353 27.325762 -3.178956 0.88598663
Car -1 -1 -8.2109 733.6407 40.2172 1186.0831 374.0000 2.544485 2.096198 6.050643 2.929667 1.611587 8.109154 -7.864191 0.85323864
Car -1 -1 -7.9654 656.7312 144.4323 738.1802 225.1107 2.506047 2.145610 5.957706 2.862895 1.622906 25.392338 -7.853101 0.46858558
Car -1 -1 -7.8435 639.5209 178.4272 667.1036 203.9637 1.425488 1.570230 3.642564 2.559402 1.771518 42.966133 -7.783977 0.40605325
Car -1 -1 -6.1410 461.7790 159.6074 561.6478 201.2168 2.584465 2.414927 6.033765 -6.224610 1.761386 46.047424 -6.275406 0.20768508
Car -1 -1 -7.5911 162.9925 175.9775 367.7773 309.5669 1.609407 1.745904 4.049486 -4.973455 1.665700 10.932854 -8.017999 0.15810736
Car -1 -1 -2.9111 409.8985 178.7827 509.8332 217.3397 1.485986 1.601579 3.652367 -6.008968 1.730243 28.915806 -3.116031 0.12834518
