Car -1 -1 -8.1694 744.6993 147.9464 1000.5317 330.6696 1.757697 1.665543 4.108694 2.856697 1.517799 9.001822 -7.862081 0.99966931
Car -1 -1 -7.8137 413.0973 182.0315 465.5498 228.3342 1.456027 1.652419 3.905780 -6.023346 1.807543 25.585764 -8.044903 0.99650735
Car -1 -1 -8.0615 641.4366 174.8681 711.4294 226.2839 1.508083 1.549164 3.371392 1.999276 1.577110 23.068851 -7.975036 0.99607772
Car -1 -1 -8.0168 564.1157 177.9901 602.1530 206.0615 1.514763 1.612888 3.649017 -1.628441 1.824434 41.597237 -8.055908 0.99602050
Car -1 -1 -4.9976 697.9986 172.3203 825.2217 262.2006 1.559130 1.546537 3.326792 2.799488 1.549572 14.243193 -4.803529 0.97183222
Car -1 -1 -7.0417 0.0000 204.4551 46.3802 297.4565 1.481839 1.677938 4.173268 -14.360901 2.234635 15.068524 -7.803035 0.64909512
Car -1 -1 -2.3944 0.0000 188.4797 51.8741 268.7510 1.637307 1.680358 4.705467 -15.414720 2.001758 15.953266 -3.162679 0.30806664
Car -1 -1 -7.2340 851.8444 0.0000 1241.0000 374.0000 2.180096 1.899856 5.362332 4.063225 1.619054 3.363288 -6.354597 0.20125894
Car -1 -1 -4.9762 608.3456 178.4067 673.2451 216.6688 1.399043 1.653708 3.820900 1.118852 1.637851 29.023764 -4.937639 0.12665144
Pedestrian -1 -1 -7.6936 472.4456 172.8109 490.8255 216.8428 1.744125 0.628434 0.664004 -5.184788 1.742117 28.917711 -7.871027 0.45049557
Cyclist -1 -1 -4.5259 470.1314 173.4390 492.1258 219.5043 1.784707 0.540171 1.829217 -5.191409 1.808577 28.894741 -4.703701 0.26210928
Cyclist -1 -1 -4.5612 490.8867 173.0894 510.6487 216.2299 1.798069 0.577310 1.800047 -4.721400 1.808172 30.983118 -4.712462 0.14522593
