Car -1 -1 -4.8383 438.6103 155.2684 488.1456 194.7021 2.039023 2.042909 5.223716 -8.261997 1.129412 40.110744 -5.041472 0.94677842
Car -1 -1 -7.8834 492.7099 160.2192 527.3876 189.7770 1.632172 1.866929 4.500522 -5.934210 0.934181 42.218250 -8.023045 0.81186056
Car -1 -1 -7.8382 548.8932 162.1954 580.3132 188.3439 1.441339 1.730524 4.619129 -2.650515 0.853521 42.119827 -7.901044 0.34708291
Pedestrian -1 -1 -7.1143 697.4057 162.8685 707.0493 191.6777 1.774974 0.502846 0.328899 5.684961 1.159453 44.753029 -6.987939 0.19850826
Pedestrian -1 -1 -7.1539 698.0521 162.8962 707.4249 192.0295 1.786936 0.497465 0.299941 5.689351 1.175858 44.541283 -7.026870 0.17443295
Pedestrian -1 -1 -6.6998 708.1920 163.9147 716.5562 192.5850 1.766642 0.572177 0.308121 6.317051 1.215509 44.777840 -6.559690 0.13143227
Pedestrian -1 -1 -7.0296 698.3323 164.2901 709.4944 193.1240 1.743085 0.565863 0.394941 5.686005 1.225077 43.963913 -6.901020 0.12604912
Pedestrian -1 -1 -6.8667 701.7348 163.0679 710.3521 192.1288 1.782384 0.514222 0.291970 5.893917 1.181876 44.548897 -6.735184 0.10218577
Pedestrian -1 -1 -6.8493 704.3149 164.1630 712.4124 193.1698 1.787936 0.496643 0.273580 6.065771 1.251935 44.757389 -6.714570 0.10072031
Cyclist -1 -1 -6.2699 704.3077 163.3183 732.7089 193.7914 1.871833 0.701445 1.730567 6.704914 1.285794 44.806614 -6.121400 0.11535614
Cyclist -1 -1 -7.6650 477.2271 161.5328 492.4174 195.9729 1.692637 0.442746 1.708102 -6.331958 1.135930 36.319180 -7.837627 0.11252032
