Car -1 -1 -8.0409 734.1401 186.9860 842.0033 263.5026 1.456047 1.613812 4.220649 3.900648 1.824121 16.664949 -7.810971 0.99965119
Car -1 -1 -8.1523 773.2231 191.5459 970.0330 311.6566 1.394637 1.654163 3.876025 3.645811 1.728529 10.943681 -7.830746 0.99960428
Car -1 -1 -4.4811 469.2541 188.6542 535.5203 238.0184 1.614529 1.623788 3.685872 -3.950280 2.241129 26.723299 -4.627880 0.99862957
Car -1 -1 -4.5435 503.1584 188.2402 555.0494 226.8326 1.509445 1.622997 4.060459 -3.553450 2.234653 31.948788 -4.654253 0.97149265
Car -1 -1 -7.9187 693.7388 181.2631 724.1628 209.1973 1.624775 1.633554 3.786458 6.107249 2.172591 45.084995 -7.784056 0.86804587
Car -1 -1 -3.3225 1024.6968 173.9320 1241.0000 251.3858 1.515408 1.689857 4.510558 11.756534 1.541503 15.916362 -2.686323 0.79559892
Car -1 -1 -4.6247 523.1990 190.1728 560.9495 220.9701 1.381720 1.563105 4.058490 -3.440845 2.310964 36.692986 -4.718244 0.10071903
Pedestrian -1 -1 -5.0725 1129.0215 167.6669 1152.3210 214.3788 1.745434 0.584099 0.459599 19.999323 1.551313 27.260950 -4.439581 0.28846323
Pedestrian -1 -1 -5.0225 1127.5509 167.8214 1151.5223 213.5786 1.723909 0.627292 0.454037 20.130608 1.534005 27.498575 -4.390542 0.24342605
Pedestrian -1 -1 -5.7079 1134.4857 167.5390 1159.0422 214.3005 1.722469 0.595827 0.489654 19.972052 1.526391 26.911501 -5.069486 0.22575286
Pedestrian -1 -1 -4.4982 1139.2649 169.9438 1155.8344 204.0749 1.740457 0.597568 0.474440 27.655121 1.591759 37.174728 -3.858618 0.11823587
