Car -1 -1 -7.8648 575.3643 179.6560 617.8297 218.9627 1.522599 1.646322 3.800620 -0.527503 1.307392 29.768894 -7.882547 0.99913341
Car -1 -1 -7.3020 101.3845 182.8916 285.5102 272.7174 1.532093 1.581776 3.304048 -7.879745 1.492609 13.941582 -7.816390 0.99869663
Car -1 -1 -4.5567 416.8238 188.1736 502.7567 247.1766 1.378204 1.635635 3.810285 -3.827779 1.464211 18.924763 -4.756240 0.91829097
Car -1 -1 -7.4971 265.2502 136.5199 485.6828 293.7011 2.197757 1.958820 5.042014 -3.759812 1.517035 12.632643 -7.786419 0.46648517
Pedestrian -1 -1 -6.8183 0.0000 160.7793 51.7272 332.4967 1.705196 0.606867 0.746036 -6.531985 1.462693 7.588796 -7.528956 0.22919594
Pedestrian -1 -1 -6.9590 0.0000 180.9911 41.3869 316.2155 1.496178 0.541021 0.706933 -7.200959 1.449592 8.350582 -7.670597 0.13391918
Pedestrian -1 -1 -6.8830 0.0000 158.9977 66.7008 343.9378 1.731569 0.616054 0.794176 -6.101625 1.486251 7.194967 -7.586309 0.13293774
Pedestrian -1 -1 -6.9331 0.0000 158.6443 69.1479 351.3878 1.714225 0.629700 0.722626 -5.762173 1.478061 6.814451 -7.635012 0.11661983
Pedestrian -1 -1 -7.0459 0.0000 159.7864 59.9923 364.6480 1.717943 0.637944 0.754486 -5.576610 1.504853 6.433718 -7.760098 0.10150696
Cyclist -1 -1 -4.7920 0.0000 154.0477 55.8601 357.1765 1.763958 0.634831 1.709343 -6.023761 1.493454 7.071388 -5.497534 0.14133042
Cyclist -1 -1 -1.9923 0.0000 158.7605 91.2101 375.0000 1.761133 0.626701 1.721643 -5.578713 1.546143 6.496112 -2.701824 0.11083834
Cyclist -1 -1 -1.6520 0.0000 161.0505 35.2231 320.8895 1.726115 0.611529 1.815582 -7.448613 1.465310 8.617419 -2.364772 0.10703728
