Car -1 -1 -7.8472 779.5954 173.4166 870.4045 256.1380 1.528326 1.639472 3.746603 4.522633 1.541608 15.388584 -7.561328 0.99954247
Car -1 -1 -8.2191 1053.9786 154.8771 1241.0000 262.3985 1.544557 1.705768 3.853118 9.195747 1.286016 12.449546 -7.582901 0.99544299
Car -1 -1 -2.1753 73.3318 211.1892 375.3808 365.4327 1.374859 1.537658 3.329327 -4.659145 1.907074 8.584637 -2.672576 0.98582619
Car -1 -1 -8.0098 1015.6760 161.6202 1127.6143 230.1535 1.510350 1.704490 4.214178 11.400413 1.262478 18.173836 -7.449571 0.98291969
Car -1 -1 -7.6774 834.2010 172.7464 894.3525 213.4922 1.500826 1.613220 3.770947 10.091331 1.496562 28.615076 -7.338356 0.96872932
Car -1 -1 -8.0138 984.3549 152.5374 1053.1958 205.6906 1.910765 1.758205 3.564001 15.674765 1.180119 27.913862 -7.502100 0.73362541
Car -1 -1 -2.0210 0.0000 229.3094 143.8194 363.5510 1.468047 1.547420 3.171448 -8.568358 2.388852 10.406063 -2.709855 0.30560502
Car -1 -1 -7.9453 971.7474 157.9982 1019.1786 197.5836 1.981217 1.848360 4.073215 20.374176 1.237397 38.347935 -7.456954 0.28845179
Car -1 -1 -8.5689 1156.1901 158.2542 1241.0000 255.6281 1.490015 1.633929 3.673692 11.883290 1.266309 12.901077 -7.824524 0.24525741
Car -1 -1 -4.1538 1218.7197 151.4632 1241.0000 296.5869 1.549025 1.671763 3.938592 9.913464 1.320403 8.859955 -3.312365 0.10126594
Cyclist -1 -1 -7.6566 827.9880 159.0052 872.2596 238.9672 1.989733 0.778020 1.737055 6.257011 1.644827 18.901670 -7.336934 0.15042223
