Car -1 -1 -8.6215 763.3375 176.1386 901.1948 233.9610 1.457014 1.542325 3.754259 6.118977 1.558931 20.432781 -8.330517 0.99859494
Car -1 -1 -2.6023 18.1535 180.0746 303.9063 287.8743 1.578889 1.621207 3.543991 -7.051825 1.702051 11.508188 -3.152062 0.99808156
Car -1 -1 -8.0595 625.8246 177.2074 676.2629 211.6929 1.445789 1.572724 3.545128 1.754694 1.653430 32.593552 -8.005744 0.99806350
Car -1 -1 -2.7524 199.0723 164.6037 426.9120 255.4480 1.913234 1.756173 4.356246 -6.534326 1.739178 16.081131 -3.138361 0.97600228
Car -1 -1 -2.6972 125.5238 182.1588 364.8986 271.2100 1.549042 1.616623 3.681756 -6.774568 1.734599 13.569673 -3.160239 0.93774801
Car -1 -1 -7.9167 611.6829 176.5930 642.6157 203.0449 1.460933 1.575342 3.665291 0.929020 1.689175 42.240215 -7.894675 0.88949186
Car -1 -1 -2.8689 364.6253 179.9189 481.4024 218.0343 1.435325 1.588923 4.162808 -7.322032 1.720460 28.316143 -3.121890 0.80761951
Car -1 -1 -2.8521 450.6206 171.0985 520.5200 200.8386 1.993855 1.773544 4.404794 -8.540834 1.875860 49.515148 -3.022888 0.60636330
Car -1 -1 -2.7697 304.8821 178.7656 437.4846 225.8005 1.474855 1.598749 3.824966 -7.844540 1.676510 23.750301 -3.088743 0.37164533
Car -1 -1 -2.9201 400.6684 179.3752 487.3095 211.9400 1.461844 1.602015 3.661256 -7.706146 1.771839 33.523331 -3.146056 0.34280047
