Car -1 -1 -7.5216 252.0267 185.7909 427.5365 280.5940 1.436294 1.646518 4.236553 -4.655602 1.448590 13.043423 -7.864398 0.99993026
Car -1 -1 -7.6606 419.9544 178.8974 494.8038 230.8606 1.476526 1.598864 3.607944 -4.603426 1.297150 22.238607 -7.864699 0.99904960
Car -1 -1 -7.2343 0.0000 183.0070 200.2281 300.2350 1.510816 1.663654 4.000290 -8.383410 1.482508 11.280418 -7.873393 0.99850911
Car -1 -1 -7.3310 122.5098 174.6794 257.8741 237.0435 1.651296 1.681846 3.905407 -12.054431 1.372470 20.988173 -7.852325 0.99650925
Car -1 -1 -7.8423 573.8696 175.8232 609.7512 208.9327 1.526237 1.654182 4.172699 -0.794882 1.093432 35.232056 -7.864864 0.99629265
Car -1 -1 -7.5669 356.4875 180.1747 422.5160 218.5431 1.501826 1.658845 3.682924 -9.058453 1.304668 29.984262 -7.860260 0.94744951
Car -1 -1 -4.5726 463.3853 166.7318 504.5380 205.2791 2.715454 2.196557 6.130906 -9.186313 1.413517 53.736156 -4.741916 0.86990589
Car -1 -1 -7.7744 429.5716 173.2496 465.6740 208.0155 1.843895 1.673986 3.754634 -8.915191 1.209401 40.101585 -7.993127 0.65512049
Car -1 -1 -7.4061 237.0316 184.3604 347.8782 241.3571 1.424246 1.544588 3.155947 -8.511641 1.403032 19.568811 -7.816391 0.60261983
Car -1 -1 -7.6765 448.9343 178.0293 503.2124 216.3857 1.507525 1.637386 3.492635 -5.469457 1.225233 30.001854 -7.856833 0.59240341
Car -1 -1 -7.7472 499.7708 166.4465 545.8509 206.6087 2.139340 2.057040 5.224627 -4.781690 1.139709 40.913673 -7.863525 0.26352593
Car -1 -1 -5.3723 0.0000 162.8690 166.1317 375.0000 1.867886 1.865674 4.860318 -5.626057 1.769765 4.152557 -6.307272 0.13716224
