Pedestrian -1 -1 -4.8157 729.5809 162.1048 756.0226 239.1230 1.774694 0.545711 0.628686 3.280249 1.328327 16.889507 -4.623841 0.66445148
Pedestrian -1 -1 -3.8785 809.9683 196.9034 905.0483 345.9612 1.389923 0.587990 0.675651 2.500375 1.553311 7.184179 -3.543571 0.58430022
Pedestrian -1 -1 -7.8668 892.3169 189.7267 976.8561 373.0000 1.516607 0.591433 0.664560 2.641979 1.589119 5.845641 -7.442333 0.55978960
Pedestrian -1 -1 -3.4485 836.8490 181.8226 885.0729 263.7211 1.545124 0.570456 0.734761 4.953140 1.552068 13.853043 -3.105160 0.47545722
Pedestrian -1 -1 -6.1402 513.5167 170.8668 545.5401 234.3252 1.744699 0.531339 0.822559 -2.032518 1.452848 20.032249 -6.241348 0.32032040
Pedestrian -1 -1 -3.5081 841.6253 179.4850 893.2531 264.8839 1.569802 0.578698 0.750618 4.946462 1.533367 13.499494 -3.156887 0.17023952
Pedestrian -1 -1 -4.9793 928.5491 191.2875 1020.3682 373.0000 1.473264 0.528175 0.628618 3.040462 1.560680 6.001942 -4.510368 0.16038099
Pedestrian -1 -1 -4.7281 968.2424 203.4283 1063.7720 373.0000 1.410395 0.589109 0.761886 3.070435 1.592025 5.450743 -4.215104 0.14678454
Pedestrian -1 -1 -7.7439 297.5124 165.3430 382.8054 373.0000 1.693816 0.616199 0.655500 -2.249143 1.566128 6.101766 -8.097091 0.13259932
Cyclist -1 -1 -4.3041 275.2073 165.3896 423.8322 373.0000 1.734628 0.602334 1.824626 -2.264120 1.608966 6.568304 -4.636096 0.14418200
