Car -1 -1 -4.5607 508.2756 172.8369 569.0989 220.4553 1.966480 1.979388 5.004926 -2.727324 1.609050 32.228161 -4.645119 0.98344678
Car -1 -1 -7.8182 575.0172 169.9757 607.5555 204.0262 2.152740 1.995171 4.937915 -0.613632 1.424206 47.905872 -7.831023 0.48635173
Car -1 -1 -6.7133 934.5803 183.0648 1005.0172 206.4873 1.640856 1.617699 4.183914 26.296230 1.754593 51.340443 -6.239918 0.13134934
Pedestrian -1 -1 -4.9013 853.6851 158.9941 953.7142 373.0000 1.690236 0.589234 0.745725 2.302453 1.526609 5.669459 -4.515570 0.92954403
Pedestrian -1 -1 -7.2033 170.7479 180.2636 289.4080 370.7646 1.600919 0.620134 0.752961 -3.366020 1.591254 6.460298 -7.683595 0.91662049
Pedestrian -1 -1 -5.0097 749.2044 151.2116 856.8110 373.0000 1.744789 0.606005 0.781187 1.507354 1.523630 5.664249 -4.749637 0.91624022
Pedestrian -1 -1 -8.7873 1153.8267 148.1113 1212.9692 245.3788 1.771648 0.546320 0.667568 10.864655 1.164107 13.475752 -8.108779 0.68676627
Pedestrian -1 -1 -8.6469 1066.4512 155.1407 1194.9091 356.2654 1.685752 0.567386 0.738620 4.657882 1.465545 6.431950 -8.020083 0.68533731
Pedestrian -1 -1 -5.0013 893.6885 159.5124 929.1724 235.3887 1.739579 0.603838 0.639304 7.213062 1.236029 16.821409 -4.596235 0.60016209
Pedestrian -1 -1 -8.3194 1133.2096 153.4327 1178.3929 233.1421 1.851718 0.614433 0.667620 13.126943 1.200235 17.073380 -7.663970 0.39646822
Pedestrian -1 -1 -7.5501 471.0291 181.3048 494.4106 229.9618 1.766896 0.631165 0.841046 -4.404255 1.760194 26.545437 -7.714468 0.34999743
Pedestrian -1 -1 -5.2989 744.0025 168.6424 787.8151 251.9512 1.761872 0.641157 0.712819 3.534946 1.490521 15.639070 -5.076559 0.19639832
Pedestrian -1 -1 -3.5259 1153.1246 153.6822 1208.6206 247.0811 1.750892 0.498145 0.692592 11.080276 1.230009 13.804423 -2.849523 0.15292379
Pedestrian -1 -1 -6.2389 1075.1857 160.4416 1179.8795 350.9325 1.666264 0.550066 0.766871 4.877643 1.482783 6.737233 -5.612242 0.14770897
Pedestrian -1 -1 -4.9566 748.9006 170.3950 785.0113 249.6449 1.729728 0.628162 0.719170 3.649564 1.487911 16.044537 -4.732971 0.14687298
Pedestrian -1 -1 -6.7473 1148.6888 163.0960 1202.8441 247.3272 1.635384 0.470003 0.701987 11.340100 1.278654 14.249230 -6.075069 0.14304757
Pedestrian -1 -1 -7.9647 1237.0000 121.0632 1237.0000 370.8297 1.701732 0.719734 0.730876 5.569270 1.290704 5.405121 -7.164365 0.13205938
Pedestrian -1 -1 -8.5005 1137.4915 153.3145 1185.5817 232.3872 1.806918 0.628767 0.631954 13.000519 1.163391 16.735233 -7.840079 0.12287933
Cyclist -1 -1 -2.5589 290.5768 178.1065 395.7335 277.0893 1.658149 0.518464 1.716605 -4.529040 1.601925 12.485225 -2.906847 0.14136538
