Car -1 -1 -4.6504 522.9235 179.1567 547.9201 199.6602 1.451006 1.600723 3.739321 -4.797805 1.285140 52.727665 -4.741129 0.98401362
Pedestrian -1 -1 -7.8033 554.4743 171.0148 578.2113 233.5690 1.721650 0.627401 0.822645 -1.011705 1.433563 20.181906 -7.853340 0.84030253
Pedestrian -1 -1 -8.0818 489.5424 173.9418 516.1847 237.5346 1.774071 0.609876 0.693236 -2.845397 1.563705 20.472443 -8.219933 0.71078259
Pedestrian -1 -1 -7.4730 13.0951 128.9553 225.5478 373.0000 1.785170 0.672754 0.779984 -2.488767 1.546585 3.723350 -8.062176 0.66041040
Pedestrian -1 -1 -7.7235 673.2070 175.6244 733.0004 330.5127 1.645166 0.586103 0.636389 1.093527 1.583456 8.013944 -7.587883 0.57797754
Pedestrian -1 -1 -4.6438 1114.3007 135.3540 1237.0000 373.0000 1.695830 0.642823 0.686785 3.652170 1.433123 4.571582 -3.969712 0.51679981
Pedestrian -1 -1 -7.5624 224.4993 151.0940 389.1909 373.0000 1.694080 0.658357 0.791660 -1.662307 1.542066 4.035877 -7.953146 0.50686008
Pedestrian -1 -1 -4.5138 465.8798 174.6373 494.1568 237.9179 1.765999 0.643169 0.842867 -3.485295 1.574967 20.477770 -4.682396 0.46793422
Pedestrian -1 -1 -3.8364 590.9979 171.4360 624.6868 234.4242 1.721529 0.621636 0.708751 0.146217 1.446965 20.097912 -3.829173 0.35954624
Pedestrian -1 -1 -2.8326 597.0837 166.7077 630.4257 226.7087 1.793569 0.534505 0.895399 0.347508 1.351856 21.868868 -2.816736 0.19637829
Pedestrian -1 -1 -3.1176 583.7048 166.3391 614.5391 229.0310 1.810198 0.550858 0.890900 -0.093348 1.372910 21.025677 -3.121993 0.17938696
Pedestrian -1 -1 -8.4003 491.1473 172.3010 523.2026 233.7757 1.741029 0.612104 0.765980 -2.767862 1.480986 20.834255 -8.532373 0.14571106
Pedestrian -1 -1 -4.3998 1173.6812 110.3972 1237.0000 373.0000 1.765168 0.687425 0.796663 4.070815 1.376573 4.428878 -3.656461 0.13116010
Pedestrian -1 -1 -4.2887 1150.5563 102.7771 1237.0000 373.0000 1.784383 0.704876 0.851162 3.692218 1.394779 4.054576 -3.550090 0.11370853
Pedestrian -1 -1 -3.0589 598.4612 167.1798 628.4447 226.1977 1.801800 0.527751 0.888644 0.347022 1.365063 22.236755 -3.043326 0.10146898
Cyclist -1 -1 -4.3337 156.1012 146.7390 402.8947 373.0000 1.710543 0.618597 1.733203 -1.679516 1.562106 3.956874 -4.735076 0.61580312
Cyclist -1 -1 -4.1471 486.4054 173.4787 538.2635 239.0349 1.865585 0.634902 1.868719 -2.662380 1.637798 21.422628 -4.270749 0.23522550
Cyclist -1 -1 -2.5938 61.7334 150.8626 452.5073 373.0000 1.744955 0.680483 1.856117 -1.883188 1.595771 3.949578 -3.038740 0.18684728
Cyclist -1 -1 -3.6759 1021.5338 137.2660 1237.0000 373.0000 1.722707 0.719403 1.808965 3.751916 1.471725 4.580642 -2.989597 0.18346477
Cyclist -1 -1 -5.2413 653.0127 174.9672 767.3106 345.3313 1.689762 0.546692 1.508219 1.102100 1.625673 7.926211 -5.103095 0.16553037
