Car -1 -1 -2.5691 0.0000 192.1955 293.9452 332.5259 1.501266 1.660545 3.892004 -6.254257 1.763367 8.879363 -3.182713 0.99922752
Car -1 -1 -7.9644 663.7045 178.4926 706.5649 211.2513 1.435674 1.594347 3.851774 3.465230 1.717911 34.220928 -7.863501 0.99893850
Car -1 -1 -5.7323 322.4531 181.7262 492.0476 243.8855 1.492402 1.629182 4.055186 -5.373755 1.742662 19.040951 -6.007392 0.95655233
Car -1 -1 -2.6046 29.5709 184.8003 322.1761 293.8781 1.565797 1.612663 3.633053 -6.718940 1.766764 11.345680 -3.139265 0.90630573
Car -1 -1 -6.0373 433.7476 165.4361 544.0753 214.2727 2.017230 1.775695 4.353334 -5.168287 1.710529 30.862457 -6.203249 0.84372896
Car -1 -1 -6.0546 414.0510 175.4572 534.1475 216.4941 1.576689 1.631049 4.448996 -5.399445 1.683392 28.748205 -6.240216 0.27307788
Car -1 -1 -5.9656 369.0377 179.7138 506.6418 229.9667 1.528916 1.658086 3.989093 -5.524775 1.758788 23.216957 -6.199230 0.23909888
Car -1 -1 -5.7076 366.9186 180.9691 507.7893 235.3626 1.465678 1.592043 3.771459 -5.117336 1.719666 21.231550 -5.944083 0.17188367
Car -1 -1 -5.7472 273.5190 184.6777 459.9747 252.8344 1.401180 1.565310 3.738929 -5.529636 1.688419 16.390839 -6.072575 0.16592161
Car -1 -1 -3.0041 505.1714 174.8524 560.4416 194.9158 1.549711 1.735663 4.131967 -6.078624 1.709438 56.848774 -3.110637 0.16013606
Cyclist -1 -1 -3.9251 1189.4160 159.5696 1241.0000 353.3623 1.742552 0.668476 1.745451 6.567632 1.622801 6.838113 -3.159907 0.11156336
