Car -1 -1 -7.9960 673.9291 172.8232 760.1497 244.9568 1.607265 1.608264 3.398023 2.484785 1.606280 17.778719 -7.857166 0.99966168
Car -1 -1 -4.1477 0.0000 178.4914 331.4648 374.0000 1.736459 1.679693 4.307212 -4.508578 1.809141 7.183778 -4.708143 0.99903011
Car -1 -1 -4.4712 388.9949 181.7108 476.8653 243.5742 1.593861 1.619260 3.803569 -5.096985 1.875200 21.039780 -4.708888 0.99814296
Car -1 -1 -4.5603 480.4229 179.6565 527.0226 213.1827 1.572453 1.719049 4.343765 -5.405208 1.940595 36.902885 -4.705746 0.99479598
Car -1 -1 -7.6946 629.5698 176.0022 656.6025 195.2793 1.446485 1.576117 3.570128 2.600937 1.701789 56.673401 -7.648699 0.65088201
Pedestrian -1 -1 -7.8763 552.6465 172.4819 565.2058 207.3574 1.817276 0.641930 0.756337 -2.732094 1.797589 38.004246 -7.948040 0.21769169
Pedestrian -1 -1 -4.8400 535.9337 175.4007 551.5119 208.1825 1.684928 0.724047 0.696351 -3.493021 1.818709 37.569702 -4.932679 0.15182503
Pedestrian -1 -1 -3.3969 535.3184 174.6865 549.7961 207.5994 1.709912 0.663263 0.609624 -3.588113 1.807047 37.948132 -3.491151 0.12954795
Pedestrian -1 -1 -7.8067 552.4902 173.6048 566.0550 206.7592 1.760171 0.695613 0.658164 -2.753288 1.800448 38.658970 -7.877757 0.12314252
Cyclist -1 -1 -4.6375 552.2017 174.2720 565.4653 208.5493 1.769253 0.564031 1.896934 -2.743984 1.846030 38.270733 -4.709094 0.50933266
