Car -1 -1 -8.2623 791.6967 186.0693 1187.0691 374.0000 1.428680 1.623561 4.237867 3.053772 1.595843 7.022853 -7.852156 0.99969816
Car -1 -1 -8.1305 727.9889 175.9488 877.2219 281.0036 1.500901 1.509847 3.358938 3.007496 1.559860 12.112439 -7.887143 0.99874663
Car -1 -1 -4.5484 450.1158 165.0081 520.1757 214.6178 1.547406 1.693780 4.132419 -4.199334 1.302382 24.576519 -4.717588 0.99799180
Car -1 -1 -8.0233 646.7609 165.5854 717.0151 218.0619 1.562576 1.628220 3.828012 2.199122 1.345841 23.455168 -7.929801 0.99783260
Car -1 -1 -8.0700 674.6074 168.9743 760.1366 233.0438 1.525154 1.536298 3.193023 2.659909 1.432499 18.825968 -7.929619 0.99679047
Car -1 -1 -4.3855 151.6732 170.8621 414.3223 351.9788 1.587683 1.561003 3.580119 -3.422796 1.569922 8.165374 -4.782470 0.99537563
Car -1 -1 -8.0086 630.7202 167.5820 685.6132 204.4296 1.428563 1.683239 3.875828 1.887035 1.223871 29.980488 -7.945724 0.96429062
Car -1 -1 -4.5652 475.4346 168.4960 527.3080 206.4075 1.474435 1.606069 3.655423 -4.478247 1.304646 29.890581 -4.713925 0.33315611
Car -1 -1 -3.9277 0.0000 54.2604 293.3321 374.0000 1.840278 1.753106 4.086848 -3.130894 1.680952 3.026166 -4.730103 0.20513703
Car -1 -1 -4.5616 500.6756 165.8456 537.6895 193.4397 1.498583 1.577142 3.509238 -5.148153 1.117671 40.959805 -4.686671 0.11910025
