Car -1 -1 -8.0850 725.5828 178.5941 870.1180 276.8979 1.524195 1.643616 4.148004 3.254819 1.647895 13.508523 -7.848587 0.99964082
Car -1 -1 -4.2810 201.2345 193.2052 393.4687 291.5949 1.456867 1.664037 4.348488 -5.747437 1.907908 13.798648 -4.675714 0.99956328
Car -1 -1 -8.2391 787.0959 181.3663 1101.2792 360.1213 1.440673 1.631315 3.963020 3.211499 1.558014 7.987947 -7.856789 0.99939489
Car -1 -1 -4.8720 684.2280 182.1545 752.4697 233.0505 1.467809 1.584536 3.796974 3.379563 1.794000 23.418316 -4.728725 0.99763787
Car -1 -1 -4.4058 433.4228 187.0009 503.7318 226.0715 1.365694 1.580918 4.164189 -5.621069 1.975202 28.943314 -4.597613 0.99649137
Car -1 -1 -4.4315 345.4097 191.8245 444.3129 252.8974 1.408010 1.566994 3.922148 -5.825176 1.980484 19.820383 -4.717361 0.99394011
Car -1 -1 -4.5735 498.9042 181.4352 534.6375 206.8314 1.410746 1.594484 4.023683 -5.602287 1.951417 43.466553 -4.701697 0.98753381
Car -1 -1 -7.9474 653.9093 179.6436 690.4592 210.1828 1.509073 1.587038 3.689398 3.218129 1.886888 38.330238 -7.863688 0.96691632
Car -1 -1 -3.8736 1035.7985 147.8627 1241.0000 274.8396 1.581643 1.664257 4.280205 8.392262 1.270047 9.878786 -3.169351 0.96668166
Car -1 -1 -8.0064 666.8159 182.0671 716.9200 219.5253 1.413687 1.550245 3.364002 3.278627 1.815616 29.787628 -7.896745 0.91116470
Car -1 -1 -3.9432 0.0000 211.7101 178.4944 374.0000 1.464745 1.649912 3.999917 -5.989803 1.922287 6.483245 -4.689066 0.91047847
Car -1 -1 -4.6363 504.6222 183.7298 529.6000 204.3057 1.433989 1.562562 4.251711 -7.037926 2.291349 54.736462 -4.764161 0.14124554
