Car -1 -1 -8.1850 787.0023 191.9142 988.5190 312.8412 1.421495 1.613681 3.923098 3.931885 1.765714 11.072286 -7.843748 0.99949014
Car -1 -1 -8.1084 740.7297 181.8451 851.4552 260.2537 1.587131 1.612059 3.600610 4.151589 1.819117 16.830711 -7.866580 0.99940908
Car -1 -1 -4.5326 469.9077 184.9462 533.1382 230.3330 1.500939 1.660542 3.870156 -4.001329 1.983752 26.866529 -4.680487 0.99836332
Car -1 -1 -8.0057 719.4496 181.2909 791.6241 238.8496 1.569551 1.602026 3.716265 4.318279 1.849977 22.118776 -7.812881 0.99753571
Car -1 -1 -7.9651 690.6217 180.8210 735.8364 217.1485 1.518001 1.619133 3.770205 4.604245 1.901959 32.893929 -7.826074 0.99152583
Car -1 -1 -8.5034 912.9485 146.6205 1241.0000 374.0000 1.689263 1.647749 3.846493 3.823793 1.567695 5.276539 -7.876280 0.98217219
Car -1 -1 -7.9861 703.1465 181.4471 759.1879 225.2863 1.502354 1.602461 3.713592 4.473363 1.850096 27.343945 -7.823905 0.98169804
Car -1 -1 -4.5193 502.8359 184.5235 554.8945 219.9688 1.436321 1.614302 3.915263 -3.638197 1.995622 32.583599 -4.630471 0.90977740
Car -1 -1 -4.6164 567.7377 182.2253 592.9618 202.8948 1.451818 1.559982 3.554692 -2.223850 2.178363 54.145870 -4.657498 0.81228244
Car -1 -1 -8.5384 914.9920 180.8137 986.3281 208.1414 1.460149 1.519928 4.059743 19.686365 1.946507 41.961048 -8.099682 0.12291603
