Car -1 -1 -8.0552 928.9556 140.0588 1241.0000 374.0000 1.718338 1.687610 4.402762 4.187916 1.503729 7.071390 -7.520536 0.99980098
Car -1 -1 -8.0939 695.1724 170.8440 768.6105 214.0794 1.514251 1.717980 4.527062 4.504857 1.443553 27.594391 -7.932117 0.99974233
Car -1 -1 -7.4286 214.7700 166.0535 320.2577 230.8081 2.075861 1.666863 4.409205 -11.915798 1.857554 25.346712 -7.868082 0.99961311
Car -1 -1 -7.2396 33.1491 186.5697 177.3858 236.8798 1.489348 1.644143 4.766746 -17.335443 2.010751 25.054255 -7.844883 0.99952352
Car -1 -1 -8.1860 747.0200 168.1013 828.4932 212.6251 1.599208 1.722844 4.419926 6.782459 1.428201 28.198574 -7.949909 0.99891412
Car -1 -1 -7.6452 318.4878 182.8940 397.4187 231.9489 1.491549 1.690720 4.571611 -8.748832 1.876078 25.283195 -7.978292 0.99786299
Car -1 -1 -7.7982 456.9322 170.6129 499.9884 206.0252 1.478389 1.668014 4.090014 -5.859095 1.384526 32.255058 -7.977859 0.98656785
Car -1 -1 -4.8287 611.0762 149.6293 647.9648 188.7470 2.808026 2.088441 6.212293 1.382290 1.140565 54.983253 -4.803520 0.87208730
Car -1 -1 -6.8210 838.3604 130.9767 1089.8063 224.7645 2.621195 2.162414 6.565633 10.381052 1.450503 21.533215 -6.371825 0.63750398
Car -1 -1 -7.2438 0.0000 191.8742 48.2298 242.9270 1.480169 1.708341 4.468322 -21.883478 2.198788 24.958128 -7.963695 0.54796612
Car -1 -1 -7.8999 533.1342 165.3360 589.4297 222.4745 1.860523 1.778151 4.714010 -1.884995 1.615423 25.940025 -7.972488 0.29860482
Car -1 -1 -7.0427 1182.9935 141.2175 1241.0000 215.8104 2.699406 2.090975 6.924786 25.815987 1.554228 27.158617 -6.282681 0.28557080
Car -1 -1 -5.5224 1194.1248 122.3476 1241.0000 212.5623 2.716001 2.231422 5.716576 23.419220 1.195158 24.632961 -4.762282 0.16570193
Car -1 -1 -7.0231 0.0000 190.9493 58.7731 249.2926 1.490644 1.715675 4.488747 -19.728437 2.105225 22.196472 -7.749697 0.16408464
Car -1 -1 -7.9211 573.1617 164.8628 608.8591 197.2779 1.837775 1.839554 4.272169 -1.221152 1.384415 43.121677 -7.949403 0.12708499
Car -1 -1 -5.5039 0.0000 180.5115 34.8510 235.1270 1.830132 1.932294 5.237864 -23.738565 2.111699 25.515175 -6.253247 0.11528973
Car -1 -1 -7.0759 1209.5690 141.9046 1241.0000 222.9829 2.647724 2.169773 6.726295 24.706423 1.636730 24.669638 -6.289714 0.11384100
Car -1 -1 -7.0500 1188.8948 141.8566 1241.0000 220.7034 2.719892 2.156146 6.907530 25.115484 1.650309 25.974333 -6.281395 0.11280289
Car -1 -1 -2.3683 0.0000 178.5451 32.7396 243.4602 1.901653 1.978348 5.342074 -21.364494 2.085503 22.331074 -3.131583 0.10942470
Car -1 -1 -7.0388 1191.4095 145.4935 1241.0000 215.9016 2.652436 2.208413 6.643144 26.985079 1.621403 28.305902 -6.277252 0.10413968
