Car -1 -1 -4.4396 305.9311 175.1307 513.1103 315.6533 1.621864 1.737308 4.386358 -2.692797 1.662038 10.613120 -4.688083 0.99974722
Car -1 -1 -4.8461 666.8641 172.4916 718.1813 207.6760 1.512835 1.752889 4.476406 3.685841 1.496953 33.282364 -4.735815 0.99915814
Car -1 -1 -7.7564 607.1332 178.1201 639.2703 204.3423 1.536395 1.648490 3.761635 0.828676 1.879064 45.028229 -7.738038 0.99500823
Car -1 -1 -8.3864 998.9263 143.3461 1084.1646 185.2808 1.808442 1.669781 3.734318 19.576326 0.535608 32.986252 -7.850799 0.98842025
Car -1 -1 -6.6657 843.4147 141.4312 1014.0480 201.4057 1.907582 1.804130 4.851048 10.403644 0.907831 23.918604 -6.255448 0.98839802
Car -1 -1 -4.3909 298.5432 182.3884 451.1047 271.9904 1.584650 1.783818 4.340476 -4.847799 1.816855 15.410533 -4.695647 0.92354721
Car -1 -1 -3.9557 982.6042 125.6738 1241.0000 374.0000 1.708015 1.724903 4.729549 5.659990 1.398788 5.653081 -3.169707 0.91843039
Car -1 -1 -8.4479 1042.8422 147.5209 1132.2595 184.2581 1.620882 1.644425 3.777800 22.168932 0.502861 33.733982 -7.866545 0.83625972
Car -1 -1 -7.0255 1215.8267 133.0484 1241.0000 189.2632 1.817261 1.715827 4.495437 23.293007 0.530161 24.235168 -6.259934 0.35975337
Car -1 -1 -4.5520 444.9553 181.7695 504.1165 223.8654 1.447113 1.601434 4.078653 -5.167644 1.814920 27.733438 -4.736224 0.32301223
Car -1 -1 -7.0379 1218.9731 133.2237 1241.0000 197.1368 1.956168 1.774486 4.772897 22.537628 0.742915 23.018961 -6.263066 0.29828721
Car -1 -1 -7.0311 1206.2734 136.8314 1241.0000 188.4742 1.746764 1.724529 4.598024 23.871700 0.528037 25.287493 -6.274489 0.28191462
Car -1 -1 -8.4752 1139.1907 134.5730 1241.0000 180.0046 1.976092 1.782974 4.008258 26.765390 0.310722 33.433281 -7.800112 0.23414718
Car -1 -1 -7.0627 1218.8280 139.9795 1241.0000 213.3124 2.130737 1.908792 5.098430 21.812428 1.175247 21.927450 -6.279932 0.10869838
Car -1 -1 -8.6119 1220.9750 131.9598 1241.0000 193.4473 1.992620 1.910283 4.498516 24.515741 0.667065 25.636898 -7.848889 0.10494360
Cyclist -1 -1 -3.8561 1201.5840 136.4182 1241.0000 191.3402 1.801074 0.580299 1.668629 20.663517 0.605923 23.954041 -3.144338 0.17295061
Cyclist -1 -1 -7.0748 1212.8551 131.7462 1241.0000 187.6163 1.793408 0.630429 1.653752 20.676275 0.473564 23.533974 -6.353968 0.10369302
