Car -1 -1 -4.4208 198.1080 199.2493 457.9836 374.0000 1.448726 1.673340 4.255952 -3.094158 1.848485 8.770632 -4.759910 0.99972230
Car -1 -1 -4.5977 481.6322 187.9758 550.3973 244.7527 1.524339 1.655074 4.302388 -2.900114 2.044747 22.684328 -4.724815 0.99647969
Car -1 -1 -4.5214 402.5538 173.7668 526.3481 278.8406 1.941154 1.775507 4.474716 -3.008909 1.963428 15.606543 -4.711855 0.99540800
Car -1 -1 -4.1546 0.0000 203.4411 261.9207 374.0000 1.538499 1.605491 3.779624 -5.469840 1.952058 7.833970 -4.764123 0.99300849
Car -1 -1 -6.4130 659.4606 185.5726 763.8583 228.5424 1.575474 1.634522 3.794655 3.808151 2.079397 27.775488 -6.276728 0.97900826
Car -1 -1 -4.6329 533.6670 189.6366 572.5410 223.8966 1.449057 1.546454 3.774120 -2.691622 2.289438 34.255608 -4.711341 0.96933818
Car -1 -1 -6.3264 632.1163 182.9542 707.7952 215.3685 1.789484 1.696401 4.236625 3.355011 2.380840 41.339245 -6.245434 0.96008813
Car -1 -1 -4.6729 549.4099 172.8636 581.5233 209.7212 2.388539 1.984010 5.545076 -3.028198 2.388936 49.553589 -4.733933 0.91490674
Car -1 -1 -6.4041 650.8025 185.7467 755.0603 224.4303 1.714729 1.668817 4.613152 4.197774 2.326135 33.390079 -6.279078 0.66221124
Pedestrian -1 -1 -3.9048 1043.9197 206.6196 1231.6246 374.0000 1.298157 0.616835 0.970948 3.831900 1.566263 5.361274 -3.284214 0.39568570
Pedestrian -1 -1 -7.9889 1203.8162 172.0787 1241.0000 374.0000 1.641787 0.679278 0.798830 3.547508 1.637960 3.803971 -7.238360 0.13555720
Pedestrian -1 -1 -4.7952 1241.0000 150.6075 1241.0000 374.0000 1.674483 0.734742 0.821558 4.056283 1.567990 3.995214 -4.002261 0.12864298
Cyclist -1 -1 -3.3566 997.5849 188.4007 1241.0000 374.0000 1.558894 0.646269 1.755101 3.837884 1.687704 5.347664 -2.734107 0.57652420
Cyclist -1 -1 -3.5112 1142.1283 171.4044 1241.0000 374.0000 1.701104 0.649296 1.674247 3.969626 1.694110 3.967467 -2.725503 0.19145268
Cyclist -1 -1 -3.6167 1137.0709 155.8373 1241.0000 374.0000 1.731554 0.661684 1.721139 3.729505 1.659578 3.626942 -2.817347 0.11363349
