Car -1 -1 -7.8684 579.0303 177.5596 730.3491 323.6113 1.551069 1.636078 3.713648 0.490905 1.626126 9.669529 -7.817649 0.99993050
Car -1 -1 -4.1359 34.3263 195.6807 226.8813 271.7037 1.331571 1.586668 3.970786 -10.296056 1.894463 15.816344 -4.712937 0.99913591
Car -1 -1 -4.3840 350.3996 184.0559 425.6123 220.5470 1.432973 1.774133 4.717013 -9.823348 1.969383 32.184731 -4.680253 0.99720407
Car -1 -1 -4.4599 414.2128 184.6091 478.6802 224.3066 1.413951 1.587510 3.897473 -6.495951 1.915640 28.840227 -4.681470 0.99712986
Car -1 -1 -4.0523 231.8312 179.8814 317.3893 219.1287 1.544197 1.573639 3.385244 -14.304688 1.862329 30.868959 -4.486207 0.96126676
Car -1 -1 -7.2813 718.8742 171.3160 843.9503 229.8654 1.563974 1.658946 4.044982 5.073619 1.522590 21.271826 -7.047133 0.91654724
Car -1 -1 -3.9583 217.2094 180.8679 299.1426 207.9507 1.425251 1.701613 4.407507 -20.276037 1.914540 41.723408 -4.410606 0.86805207
Car -1 -1 -7.2050 686.0424 175.9824 762.4835 210.9656 1.453246 1.575389 3.476381 5.068502 1.599642 32.062481 -7.048182 0.74848819
Car -1 -1 -4.6510 545.2311 178.1003 569.3580 197.5933 1.412517 1.601892 4.131361 -4.045909 1.830670 55.476112 -4.723849 0.27318239
Car -1 -1 -7.8530 1123.0118 179.9979 1241.0000 374.0000 1.439323 1.596828 4.007223 4.184140 1.497332 3.935725 -7.037014 0.25112203
Car -1 -1 -4.4271 460.6108 179.0853 500.6169 203.4640 1.543543 1.582677 4.086408 -8.744094 1.983683 48.883129 -4.604137 0.21788470
Car -1 -1 -7.1773 673.7640 176.2087 739.3588 204.2536 1.426589 1.592133 3.626718 5.207229 1.615961 38.967674 -7.044452 0.10398859
