Pedestrian -1 -1 -6.1778 544.3765 174.2273 565.9860 217.0087 1.803703 0.572311 0.863629 -2.143055 1.539449 30.110687 -6.248850 0.61967671
Pedestrian -1 -1 -4.1276 0.0000 134.5388 210.3463 369.0000 1.770800 0.667603 0.775865 -2.560235 1.569177 3.511394 -4.757650 0.61061883
Pedestrian -1 -1 -3.1144 544.0690 174.2768 563.2032 215.9419 1.801986 0.585660 0.819319 -2.264438 1.533038 30.890692 -3.187561 0.26665407
Pedestrian -1 -1 -6.2058 544.1352 174.2831 564.9839 216.5479 1.804203 0.577558 0.855292 -2.194880 1.539023 30.473747 -6.277682 0.24919839
Pedestrian -1 -1 -3.1067 544.4673 175.1705 561.2908 215.4360 1.764490 0.582920 0.723748 -2.326962 1.531143 31.289381 -3.180938 0.24568766
Pedestrian -1 -1 -7.6716 431.2220 165.5556 456.2997 221.2903 1.860473 0.690641 0.849221 -5.508122 1.361882 24.040953 -7.896873 0.19345912
Pedestrian -1 -1 -4.1707 0.0000 98.6203 210.6431 369.0000 1.836402 0.665010 0.842535 -2.358299 1.524389 3.150895 -4.813207 0.14181371
Pedestrian -1 -1 -3.8110 5.3719 151.1848 198.9170 369.0000 1.710185 0.659471 0.721174 -3.130842 1.547661 4.368356 -4.432902 0.10417832
Cyclist -1 -1 -7.9899 772.3742 168.2553 806.3236 249.4773 1.765570 0.513843 1.759155 4.177556 1.499745 16.272848 -7.738636 0.70773375
Cyclist -1 -1 -3.9713 0.0000 168.0342 138.8989 369.0000 1.613751 0.616321 1.697613 -4.689617 1.529527 5.665300 -4.662779 0.12379786
Cyclist -1 -1 -3.9782 0.0000 159.4935 163.5342 369.0000 1.684248 0.615173 1.733369 -4.303403 1.551088 5.380445 -4.652879 0.10434724
Cyclist -1 -1 -4.5325 427.2689 166.6190 457.9348 221.6795 1.808457 0.710385 1.816481 -5.559438 1.352807 24.146711 -4.758802 0.10217809
