Car -1 -1 -8.0430 682.1594 184.4247 819.5771 287.7952 1.464193 1.615049 3.636992 2.205810 1.693030 12.459244 -7.867764 0.99927503
Car -1 -1 -7.9958 644.5448 183.9433 714.8458 237.0856 1.402631 1.567863 3.791341 1.965163 1.766863 21.784979 -7.905880 0.99851924
Car -1 -1 -7.8093 543.0611 183.6850 590.3629 221.9402 1.339964 1.680416 3.518299 -1.669672 1.787275 28.047663 -7.868732 0.99638689
Car -1 -1 -5.2906 277.0336 187.3529 418.6060 246.2873 1.336449 1.598732 3.967336 -7.038501 1.756326 19.085119 -5.643970 0.99260652
Car -1 -1 -4.2198 183.6675 186.1490 273.2321 225.8159 1.435784 1.612246 3.786368 -15.415666 2.010177 29.289776 -4.704316 0.99115950
Car -1 -1 -7.7930 561.8350 179.8355 597.1038 210.7655 1.515580 1.635624 3.794882 -1.606366 1.902744 38.131580 -7.835113 0.97514117
Car -1 -1 -4.9504 0.0000 186.5584 204.3882 348.9721 1.429789 1.592239 3.847328 -6.494218 1.625449 8.488897 -5.603442 0.96679384
Car -1 -1 -8.0107 673.3798 184.7997 763.3345 256.2638 1.432226 1.527847 3.334307 2.353102 1.736245 16.701700 -7.870698 0.96659064
Car -1 -1 -2.2704 456.3448 174.1870 529.6339 209.6496 1.826003 1.714079 4.072115 -6.441911 1.901916 39.276970 -2.433014 0.92441964
Car -1 -1 -8.3452 354.2851 181.4772 456.2565 237.3177 1.526289 1.529918 3.473185 -6.355129 1.810749 22.048985 -8.625777 0.88190037
Car -1 -1 -2.2097 403.2394 183.9446 498.4489 222.0212 1.356730 1.606685 4.038551 -6.435198 1.828108 28.759399 -2.429857 0.87251109
Car -1 -1 -2.2484 433.3841 183.0716 515.5379 218.2037 1.412946 1.606378 3.685228 -6.063577 1.889604 31.875353 -2.436426 0.84427512
