Car -1 -1 -1.769155 607.620667 181.247208 712.778748 262.298248 1.626702 1.631742 3.873869 0.973642 1.873430 17.225230 -1.708298 0.999912 
Car -1 -1 1.764258 271.001434 201.834061 400.218079 295.136993 1.472087 1.597937 3.800949 -5.155423 2.070891 13.868612 1.413095 0.999839 
Car -1 -1 -1.855402 671.481445 193.852692 826.355896 299.105804 1.472775 1.585539 3.610096 2.084745 1.805088 11.980125 -1.677282 0.999743 
Car -1 -1 -1.654432 585.460449 186.210266 652.994995 240.219711 1.511792 1.621419 3.557381 0.218718 1.609459 17.275551 -1.637378 0.999685 
Car -1 -1 -1.670155 570.011841 188.185837 617.185608 226.838943 1.471069 1.587676 3.503685 -0.764256 2.097761 29.472120 -1.693176 0.999035 
Car -1 -1 -2.006090 744.632263 206.824203 1101.485229 374.375000 1.474354 1.594637 4.075203 2.723114 1.939893 7.562500 -1.652408 0.998943 
Car -1 -1 2.022124 0.000000 211.522018 326.308411 374.375000 1.420864 1.550454 3.936349 -4.265584 1.904371 7.123835 1.489849 0.998917 
Car -1 -1 1.769097 384.345398 181.689438 459.848846 236.299072 1.606732 1.694221 3.802453 -6.568974 2.031627 25.705799 1.521975 0.993792 
Car -1 -1 1.725285 447.141449 186.359100 481.898926 211.327011 1.406746 1.522964 3.696209 -9.684627 2.422554 48.414193 1.529885 0.965413 
Car -1 -1 -1.812315 553.975769 185.775406 590.639465 214.519226 1.553912 1.641271 3.824001 -1.994607 2.245582 40.070164 -1.859707 0.073634 
