Car -1 -1 -1.754185 711.295532 177.076981 820.232788 249.325638 1.437825 1.638391 3.846282 3.242849 1.509731 15.959849 -1.549192 0.999868 
Car -1 -1 1.892642 364.185181 191.396210 463.529968 245.612335 1.451096 1.682315 3.974553 -5.785378 2.006482 21.583589 1.634238 0.999853 
Car -1 -1 1.945091 211.850739 198.449692 381.831421 289.603882 1.425555 1.642532 4.163474 -5.959382 1.971703 14.150200 1.551018 0.999792 
Car -1 -1 -1.996792 661.244019 179.389725 719.516724 214.950745 1.476312 1.694010 3.818964 3.255628 1.635384 28.092191 -1.878437 0.999400 
Car -1 -1 1.822398 425.512817 187.122894 492.076538 229.808105 1.485514 1.635217 3.700457 -5.772420 2.052099 27.705323 1.619934 0.999333 
Car -1 -1 1.838888 478.646820 185.183350 525.575684 215.658783 1.518998 1.620981 3.810219 -5.575497 2.122073 36.921007 1.691452 0.999233 
Car -1 -1 -1.955322 585.646667 175.595764 615.692993 193.171524 1.431755 1.634867 4.107031 -0.976019 1.856492 72.556191 -1.967120 0.985028 
Car -1 -1 0.604074 840.163635 154.096008 1084.181885 219.841904 1.495388 1.591904 4.135794 7.582736 0.953965 16.163269 1.046670 0.822414 
Car -1 -1 1.959971 959.062805 130.642548 1237.354126 240.258820 1.626181 1.683616 4.089365 8.799347 0.984588 14.383403 2.512936 0.612426 
Car -1 -1 2.069270 0.000000 210.055557 239.087784 366.614441 1.456158 1.593764 3.689662 -6.127247 1.996785 8.737736 1.463295 0.594576 
