Car -1 -1 -7.3046 61.5809 174.5653 293.8413 279.7411 1.659684 1.705307 4.316199 -7.797839 1.491777 13.523432 -7.827642 0.99992442
Car -1 -1 -7.5859 323.6464 183.1823 474.0268 279.5188 1.494030 1.646975 3.783380 -3.645526 1.462652 13.043719 -7.858479 0.99972600
Car -1 -1 -7.6959 480.9057 180.7990 543.8142 226.6606 1.474069 1.602555 3.697431 -3.278029 1.332265 24.975334 -7.826409 0.99853146
Car -1 -1 -7.8812 581.3340 179.5522 620.6165 215.7267 1.515286 1.635073 3.762028 -0.390588 1.278210 32.023335 -7.893357 0.99662799
Car -1 -1 -7.2251 0.0000 185.8269 134.8356 269.9436 1.460113 1.709681 4.026504 -11.734359 1.474397 14.560933 -7.903450 0.95292246
Car -1 -1 -7.8111 444.4382 180.4357 478.0266 208.7830 1.446542 1.622185 3.292828 -7.826478 1.202780 38.436295 -8.011994 0.91203463
Car -1 -1 -4.3641 276.9070 181.9682 388.6732 238.0816 1.415989 1.670789 3.921605 -7.586662 1.334197 20.110888 -4.724786 0.77517062
Car -1 -1 -5.6719 175.7636 182.4544 304.4432 230.2466 1.469167 1.544448 3.413952 -11.811390 1.384440 23.098837 -6.144555 0.41056168
Car -1 -1 -2.2797 0.0000 143.7745 94.6893 357.5681 2.202611 2.088854 5.514241 -9.604798 1.775820 8.491829 -3.126541 0.12118418
Pedestrian -1 -1 -6.7428 0.0000 154.9066 31.9064 319.7827 1.637041 0.595430 0.746674 -6.745045 1.336262 7.595290 -7.468935 0.13227010
Cyclist -1 -1 -1.7049 0.0000 148.5742 41.4264 329.0660 1.729662 0.589393 1.735415 -6.679612 1.378682 7.683027 -2.420533 0.14012198
