Car -1 -1 -8.1062 697.1898 181.6530 847.1973 278.6270 1.443135 1.633376 4.125324 2.707723 1.629672 13.219986 -7.904156 0.99994504
Car -1 -1 -8.0090 671.9465 178.5997 737.9479 224.7034 1.391399 1.577563 4.044438 3.062944 1.601127 24.330309 -7.883776 0.99840790
Car -1 -1 -5.9520 250.2795 183.8470 458.7616 249.6232 1.395398 1.615284 4.168561 -5.740656 1.657442 16.400026 -6.288760 0.98619080
Car -1 -1 -2.7584 297.3114 180.2364 456.7329 237.0892 1.424240 1.555040 3.731307 -6.185886 1.629906 19.221149 -3.069730 0.94011819
Car -1 -1 -2.8110 323.6405 165.0333 466.0174 225.1800 1.755973 1.690016 3.816665 -6.530787 1.527350 21.989300 -3.099744 0.87464350
Car -1 -1 -2.4978 0.0000 181.3816 266.7922 313.7045 1.525846 1.590864 3.563013 -6.621032 1.644932 9.264817 -3.118277 0.87198895
Car -1 -1 -5.5386 38.3006 180.4930 335.9798 286.6313 1.492151 1.591249 4.120330 -6.746779 1.626882 11.536712 -6.067739 0.83511084
Car -1 -1 -2.3021 0.0000 190.8741 152.6866 374.0000 1.525758 1.636862 3.946836 -6.367934 1.698221 6.044223 -3.113610 0.70122510
Car -1 -1 -8.6993 910.4388 200.4962 1241.0000 374.0000 1.423486 1.565257 3.458956 3.095074 1.629156 3.560232 -7.983660 0.28100523
Car -1 -1 -3.0726 384.7593 175.5000 499.1554 216.4416 1.472318 1.611755 4.089270 -6.299542 1.575906 27.210621 -3.300093 0.24031378
Car -1 -1 -7.0962 1153.2860 124.7583 1241.0000 270.1645 2.297572 2.027541 5.759626 12.944626 1.537310 12.436859 -6.290844 0.12569925
