Pedestrian -1 -1 -4.0400 533.2538 163.8333 592.5994 264.1768 1.803824 0.667513 0.951097 -0.757638 1.486848 13.494125 -4.096063 0.90524781
Pedestrian -1 -1 -4.9631 869.5059 157.6024 955.3256 349.6405 1.649347 0.556260 0.700236 2.763037 1.444823 6.556845 -4.564316 0.68739557
Pedestrian -1 -1 -5.1046 994.2959 144.8948 1055.5948 266.8917 1.740018 0.584824 0.616807 6.182733 1.218580 10.590728 -4.576171 0.52211964
Pedestrian -1 -1 -4.6990 949.9124 146.6733 988.1138 249.6917 1.790872 0.597438 0.592894 6.551642 1.186061 12.888898 -4.228762 0.43952182
Pedestrian -1 -1 -8.1495 764.7867 157.3920 848.7714 352.9820 1.671906 0.550561 0.674586 1.782034 1.466555 6.485022 -7.881286 0.42320010
Pedestrian -1 -1 -5.7580 130.2280 164.1447 237.3717 323.5203 1.720907 0.578988 0.864905 -4.707389 1.534204 8.047691 -6.287253 0.27993575
Pedestrian -1 -1 -3.4046 211.1158 182.0753 300.8326 340.6217 1.573058 0.602702 0.720789 -3.702585 1.580203 7.594388 -3.858270 0.19575299
Pedestrian -1 -1 -7.0225 691.8069 168.5407 721.0421 221.4472 1.693541 0.566825 0.760766 3.397940 1.279151 23.441929 -6.878557 0.15735929
Pedestrian -1 -1 -3.8395 0.0000 44.3486 184.9371 373.0000 1.856176 0.726182 1.088798 -2.499525 1.405903 2.960895 -4.540630 0.13453832
Cyclist -1 -1 -4.9404 712.6501 162.9610 754.9033 241.7399 1.716508 0.559484 1.788923 2.987014 1.313126 16.558973 -4.761926 0.39063042
Cyclist -1 -1 -6.1581 677.6019 169.8687 735.7948 223.6358 1.714079 0.656518 1.813187 3.412749 1.343715 23.458166 -6.013605 0.29137295
Cyclist -1 -1 -4.9342 757.1966 156.6713 871.1810 373.0000 1.667072 0.590540 1.655941 1.765450 1.476919 6.364095 -4.663548 0.15256405
