Car -1 -1 -7.9462 541.4786 162.7022 587.8119 208.0405 1.922814 1.724885 3.983284 -1.914531 1.168211 32.085381 -8.005847 0.99667752
Pedestrian -1 -1 -5.8892 412.5155 162.0711 467.7151 243.2298 1.792262 0.575301 1.077854 -3.764045 1.385631 15.985203 -6.120480 0.77089965
Pedestrian -1 -1 -7.9648 397.3154 169.6101 416.5891 214.9776 1.715087 0.631269 0.772002 -7.653096 1.303640 27.205776 -8.238991 0.16948324
Pedestrian -1 -1 -6.0347 408.3607 171.6317 427.3769 215.2882 1.730753 0.573783 0.615178 -7.519626 1.379397 28.321106 -6.294232 0.13909970
Pedestrian -1 -1 -5.6123 426.1300 163.0925 474.0793 242.0188 1.803091 0.518807 0.991803 -3.679842 1.405751 16.602915 -5.830455 0.11433591
Pedestrian -1 -1 -7.8504 397.6782 170.0127 414.4828 216.2362 1.719531 0.603837 0.771135 -7.555620 1.329641 26.754953 -8.125658 0.11138486
Cyclist -1 -1 -7.3197 386.3105 171.6884 424.1786 217.3051 1.687891 0.607117 1.718343 -7.657250 1.362091 27.070190 -7.595412 0.24669509
Cyclist -1 -1 -5.8089 403.9323 158.5607 487.7598 242.3632 1.841653 0.590481 1.782421 -3.651705 1.359856 16.045128 -6.032690 0.13564187
Cyclist -1 -1 -6.2340 382.5158 171.3941 431.7608 218.3056 1.754305 0.593757 1.780525 -7.548379 1.414022 26.928162 -6.507298 0.10796200
Cyclist -1 -1 -3.1228 387.5649 169.3261 436.3884 214.6477 1.775699 0.670798 1.861486 -7.728014 1.338135 28.255968 -3.389812 0.10013010
