Pedestrian -1 -1 -8.4828 874.7859 166.1917 897.3242 218.4239 1.576203 0.471059 0.445438 8.385241 1.374856 22.050432 -8.119453 0.36422467
Pedestrian -1 -1 -5.6826 849.2723 164.4934 869.7241 219.3365 1.647783 0.498661 0.372510 7.550640 1.396287 21.977119 -5.351672 0.21082477
Pedestrian -1 -1 -5.2937 842.5824 164.2982 868.0051 219.5244 1.632664 0.540677 0.490745 7.303690 1.379426 21.636742 -4.968146 0.19675720
Pedestrian -1 -1 -5.1671 877.4944 165.3463 901.0601 219.9645 1.626557 0.523542 0.434616 8.357590 1.402674 21.727087 -4.799836 0.14230317
Pedestrian -1 -1 -8.4755 869.6430 165.0329 890.6862 219.0922 1.623143 0.474555 0.364486 8.150455 1.388013 21.902433 -8.119300 0.12688214
Pedestrian -1 -1 -4.1521 845.4592 163.8458 873.3305 222.4393 1.695772 0.526902 0.623193 7.306986 1.434762 21.282997 -3.821431 0.12621538
Pedestrian -1 -1 -5.6403 856.2021 164.9981 878.1239 218.8449 1.596033 0.493526 0.406317 7.681973 1.362881 21.692417 -5.299941 0.12096339
Pedestrian -1 -1 -4.2701 832.4061 161.9235 860.0308 222.4960 1.766614 0.590421 0.578665 6.975678 1.447522 21.456877 -3.955738 0.11539280
Pedestrian -1 -1 -5.2302 835.4435 163.9089 860.5106 220.1519 1.684759 0.554928 0.485020 7.173329 1.416509 21.906792 -4.913709 0.10322598
Pedestrian -1 -1 -8.2756 873.4515 166.6947 896.0042 216.9878 1.536748 0.489815 0.498458 8.442645 1.348246 22.310638 -7.913881 0.10063235
Cyclist -1 -1 -8.1604 814.7691 156.4088 859.2928 235.3467 1.885166 0.544433 1.793064 5.625719 1.492128 18.129515 -7.859541 0.94716752
Cyclist -1 -1 -8.2186 842.4847 168.1973 873.3732 221.5871 1.592333 0.374836 1.537230 7.595820 1.453149 22.294538 -7.890219 0.25352499
