Car -1 -1 -7.7109 456.6587 184.6120 533.0029 240.0428 1.444520 1.611673 4.030603 -3.200071 1.428946 20.756451 -7.863824 0.99976510
Car -1 -1 -7.4644 151.7163 185.7636 427.0770 348.0919 1.531225 1.662598 3.728129 -3.534588 1.539404 8.659274 -7.851902 0.99875998
Car -1 -1 -7.8719 583.8415 179.8338 620.4286 213.7912 1.488771 1.605515 3.711666 -0.336392 1.252973 33.393822 -7.881967 0.99593180
Car -1 -1 -7.6084 353.4597 184.2085 426.1247 229.5628 1.412605 1.544198 3.434474 -7.275518 1.381392 24.141195 -7.901081 0.99552417
Car -1 -1 -4.0699 0.0000 185.4353 193.4707 256.6926 1.380093 1.700983 4.265399 -11.440095 1.385824 16.088739 -4.687962 0.98135775
Car -1 -1 -7.6977 421.4931 180.4729 469.0717 213.6585 1.451808 1.642331 3.339365 -7.476858 1.244477 33.168427 -7.919376 0.92827779
Car -1 -1 -3.9234 0.0000 176.7842 106.7830 375.0000 1.639330 1.761866 4.252398 -7.532230 1.578232 7.355936 -4.720621 0.69253081
Car -1 -1 -7.1372 1095.0660 86.4096 1240.0000 349.6500 2.486369 2.070282 6.116157 9.012975 1.553279 7.829712 -6.281615 0.24448407
Car -1 -1 -7.3364 126.1710 187.6404 325.3123 278.1150 1.514878 1.713464 3.925556 -7.299328 1.569462 14.139568 -7.812958 0.24220127
Car -1 -1 -2.3361 0.0000 174.8796 108.5840 339.3247 1.723015 1.745441 4.788743 -8.912019 1.614874 8.423921 -3.149624 0.18883868
Car -1 -1 -7.1012 1136.8003 116.9345 1240.0000 289.3795 2.539085 2.114019 6.063349 12.328739 1.533869 11.655252 -6.287735 0.14809537
