Car -1 -1 -7.6885 428.6377 177.9550 521.7180 249.5454 1.654454 1.696451 4.243101 -3.367476 1.486815 18.744570 -7.866285 0.99980003
Car -1 -1 -7.4014 185.0686 177.9566 346.1706 256.3327 1.607131 1.733719 4.174803 -7.833812 1.458437 16.842411 -7.836775 0.99883538
Car -1 -1 -7.8273 556.4785 181.6804 607.9892 228.7304 1.504829 1.647573 3.544791 -0.876724 1.391914 24.771025 -7.862628 0.99807429
Car -1 -1 -7.6612 365.3597 182.9857 427.6748 221.5817 1.409711 1.645634 3.813588 -8.250980 1.328418 28.230093 -7.945529 0.97087586
Car -1 -1 -7.6440 328.6188 182.1362 380.1995 212.8992 1.425638 1.647547 3.717456 -12.393128 1.283086 35.262363 -7.981929 0.95301515
Car -1 -1 -7.7377 489.9218 183.8935 535.3193 217.9106 1.423745 1.590148 3.610865 -4.203001 1.368563 31.903790 -7.868728 0.95122564
Car -1 -1 -7.1600 0.0000 189.9905 300.6090 375.0000 1.499727 1.636490 3.739544 -3.154909 1.536168 3.569242 -7.883853 0.73951346
Car -1 -1 -4.7198 277.3900 181.1891 320.7779 219.3941 1.508818 1.592794 3.638085 -13.091243 1.349955 30.375294 -5.126729 0.37816361
Car -1 -1 -3.9586 0.0000 166.9510 104.8097 370.5415 1.816098 1.769010 4.491902 -8.543238 1.653327 8.678729 -4.736093 0.18620831
Car -1 -1 -7.5996 372.5251 184.7200 435.6412 219.5378 1.411486 1.693314 3.927076 -8.769609 1.391548 31.122091 -7.874216 0.16601402
Car -1 -1 -5.9025 165.6778 184.1819 322.6172 232.0356 1.419929 1.580439 4.046353 -11.215624 1.389411 22.290277 -6.368716 0.14845337
Car -1 -1 -7.1563 1077.6135 77.7753 1240.0000 375.0000 2.686248 2.209628 6.373452 8.734131 1.737927 7.485299 -6.294018 0.11165809
Car -1 -1 -3.9768 0.0000 183.9305 87.7824 304.9772 1.748629 1.690764 4.452316 -11.619993 1.730221 12.617962 -4.721097 0.11007467
