Car -1 -1 -4.7413 436.3288 174.8255 466.7546 199.7197 1.416341 1.654608 4.287007 -9.275687 1.093607 42.506996 -4.956191 0.99170333
Car -1 -1 -7.1124 0.0000 198.3632 297.8358 369.0000 1.465243 1.605690 3.729594 -3.192238 1.601168 3.496658 -7.852360 0.70575869
Car -1 -1 -3.9463 0.0000 182.3499 91.3037 369.0000 1.621464 1.659356 4.140928 -6.014129 1.641060 5.190280 -4.805120 0.15622830
Pedestrian -1 -1 -5.4230 1050.7808 146.2147 1083.8457 218.2932 1.783982 0.516261 0.465365 11.569523 0.935727 17.764814 -4.845781 0.44546133
Pedestrian -1 -1 -5.1875 1099.0046 148.7814 1135.0602 221.0013 1.777245 0.570039 0.486419 12.756497 0.997013 17.682650 -4.562593 0.30485529
Pedestrian -1 -1 -5.1333 1102.6421 148.4207 1136.5219 219.5505 1.769477 0.560946 0.438405 12.951060 0.971773 17.861095 -4.505942 0.23357068
Pedestrian -1 -1 -5.1447 876.7921 153.0115 898.6639 199.0656 1.991142 0.668662 0.668204 12.334711 0.802884 30.920389 -4.765094 0.15922506
Pedestrian -1 -1 -4.8655 1169.6102 151.2110 1201.2448 221.7927 1.769189 0.561318 0.449211 14.775956 1.035359 18.058783 -4.179729 0.14133106
Pedestrian -1 -1 -5.3806 998.3759 143.4396 1062.8798 271.0789 1.740318 0.525111 0.590157 5.936502 1.235411 9.967232 -4.843447 0.12899368
Pedestrian -1 -1 -5.3474 1098.5460 146.3549 1141.5853 219.4563 1.753384 0.587427 0.634241 12.534895 0.934722 17.278288 -4.719737 0.10606138
Pedestrian -1 -1 -4.9807 1105.2627 149.1688 1135.2521 220.7963 1.800785 0.533632 0.389592 13.108255 1.013410 18.052145 -4.352640 0.10200026
Cyclist -1 -1 -7.4215 140.0410 181.9311 182.5580 237.1290 1.715330 0.506907 1.688845 -14.371336 1.763682 22.887060 -7.982239 0.19109118
Cyclist -1 -1 -4.9835 875.3689 154.5126 898.3759 196.6310 1.803540 0.565119 1.457503 12.334218 0.690946 31.031195 -4.605206 0.15396769
Cyclist -1 -1 -7.4259 138.3013 181.7336 180.3303 235.1492 1.697452 0.527059 1.682235 -14.744417 1.740018 23.377552 -7.988608 0.10975106
