Pedestrian -1 -1 -5.5025 897.1488 147.1018 1032.5889 369.0000 1.722946 0.572759 0.686250 2.579392 1.496302 5.225165 -5.043928 0.86860800
Pedestrian -1 -1 -4.7180 545.3217 134.5513 586.8095 261.4205 1.861450 0.609054 0.772680 -0.648329 1.187673 10.779461 -4.778046 0.82781935
Pedestrian -1 -1 -4.7023 514.7219 137.7807 537.9252 207.2273 1.853546 0.616635 0.716540 -2.179767 0.713670 19.259310 -4.815045 0.74505520
Pedestrian -1 -1 -7.6044 395.2867 139.5829 429.0449 210.7311 1.896914 0.693320 0.888035 -5.292920 0.806318 19.301174 -7.872086 0.71516609
Pedestrian -1 -1 -4.6512 476.4635 140.9705 502.0417 210.1894 1.846331 0.646649 0.717612 -3.183931 0.792242 19.249750 -4.815078 0.70885783
Pedestrian -1 -1 -4.7762 625.5641 131.4533 668.1559 250.0892 1.853440 0.631815 0.844643 0.616730 1.087572 11.471680 -4.722505 0.67082775
Pedestrian -1 -1 -8.8944 827.0986 148.6754 959.7791 369.0000 1.651375 0.576178 0.664072 1.959143 1.448127 4.964522 -8.518564 0.54251003
Pedestrian -1 -1 -4.9804 573.7134 132.6969 623.3231 251.1011 1.827354 0.583151 0.883925 -0.166591 1.089986 11.417761 -4.995010 0.51379335
Pedestrian -1 -1 -4.5284 442.8080 142.8415 469.2923 210.4091 1.813015 0.598894 0.659749 -4.101090 0.802851 19.309307 -4.737667 0.40254670
Pedestrian -1 -1 -7.7678 424.2370 142.9592 451.1223 211.0032 1.884635 0.680477 0.746037 -4.764244 0.845161 20.002367 -8.001583 0.38446403
Pedestrian -1 -1 -4.5304 493.4366 142.0073 516.6129 198.1149 1.836148 0.651619 0.680237 -3.350488 0.576728 23.491470 -4.672116 0.25415576
Pedestrian -1 -1 -8.0497 606.6390 141.8680 632.3231 213.4610 1.795369 0.563288 0.519298 0.324378 0.826901 18.036345 -8.031701 0.23875481
Pedestrian -1 -1 -4.7422 548.1382 141.8888 568.7990 210.4359 1.835160 0.542648 0.553579 -1.308992 0.801763 19.231237 -4.810142 0.22027130
Pedestrian -1 -1 -8.0994 613.4225 141.3596 642.0342 214.7887 1.794214 0.592317 0.560733 0.520112 0.838160 17.613829 -8.069882 0.21038714
Pedestrian -1 -1 -6.0067 274.7742 129.8255 327.2289 242.9025 1.834565 0.581641 0.673080 -5.112154 1.012802 11.803853 -6.415411 0.21034013
Pedestrian -1 -1 -3.3504 437.3640 143.2629 472.9254 206.0717 1.898900 0.657140 0.959770 -4.674531 0.773399 21.871725 -3.560907 0.19001988
Pedestrian -1 -1 -4.7033 547.9832 140.8103 568.6740 210.2892 1.826455 0.543258 0.569530 -1.284998 0.783412 18.887081 -4.771191 0.17490235
Pedestrian -1 -1 -6.0496 855.1736 146.8579 978.9698 369.0000 1.675964 0.537707 0.727230 2.224943 1.450880 5.172652 -5.643394 0.16730082
Pedestrian -1 -1 -4.7744 552.7573 139.1545 576.4706 209.7979 1.808881 0.579558 0.593202 -1.098057 0.750516 18.434111 -4.833918 0.15816334
Pedestrian -1 -1 -4.8317 555.6663 142.8837 578.3862 209.4626 1.801950 0.560494 0.556205 -1.088138 0.784178 19.458891 -4.887593 0.15609148
Pedestrian -1 -1 -4.4207 554.4331 142.6511 579.6804 210.3982 1.795375 0.543949 0.557621 -1.059737 0.792649 19.072306 -4.476253 0.15597497
Pedestrian -1 -1 -6.1260 429.5296 144.0117 471.2999 210.6088 1.914506 0.611389 1.112001 -4.545757 0.865854 20.664062 -6.342503 0.15232752
Pedestrian -1 -1 -4.1760 545.1562 142.7865 574.1320 209.2042 1.829283 0.567966 0.637849 -1.311387 0.790880 19.886646 -4.241812 0.15032995
Pedestrian -1 -1 -3.8672 532.5882 141.6656 565.1110 206.9798 1.867611 0.599191 0.737017 -1.679657 0.757469 20.690897 -3.948162 0.15004931
Pedestrian -1 -1 -7.0756 613.2100 139.0527 647.7530 215.7962 1.807816 0.594004 0.584701 0.572385 0.831792 17.072350 -7.042079 0.14538045
Pedestrian -1 -1 -4.1178 545.7250 142.2612 575.4474 209.0110 1.891558 0.593567 0.656589 -1.321142 0.808247 20.469669 -4.182225 0.14179146
Pedestrian -1 -1 -4.6133 429.3466 140.7319 453.1021 208.9454 1.849154 0.581009 0.632176 -4.554476 0.771416 19.518040 -4.842588 0.14085267
Pedestrian -1 -1 -4.5655 505.6880 140.6497 526.5931 197.2921 1.838355 0.599174 0.623463 -2.953902 0.545269 23.265497 -4.691789 0.13760220
Pedestrian -1 -1 -4.6185 493.5519 141.9025 515.4775 197.7274 1.859566 0.677474 0.645529 -3.423805 0.574125 23.891050 -4.760791 0.12714469
Pedestrian -1 -1 -7.6686 413.7722 141.2530 441.8238 210.6624 1.892448 0.632719 0.742866 -4.960640 0.822686 19.667942 -7.915661 0.11794733
Pedestrian -1 -1 -3.5601 438.8863 142.7794 474.3563 204.2863 1.890643 0.660174 0.902400 -4.708476 0.731446 22.265810 -3.768495 0.11555620
Pedestrian -1 -1 -4.6245 494.8630 141.9867 516.3115 196.2963 1.870808 0.690067 0.636259 -3.499259 0.544397 24.691740 -4.765324 0.11040276
Pedestrian -1 -1 -4.4516 494.4525 140.7386 518.0299 196.1643 1.875357 0.650671 0.679417 -3.422316 0.530274 24.299822 -4.591547 0.10738442
Pedestrian -1 -1 -6.1111 433.5846 144.2990 473.4744 209.3597 1.909778 0.642547 1.071069 -4.547261 0.847436 21.097113 -6.323406 0.10439015
Pedestrian -1 -1 -4.0229 546.3498 143.6268 576.0237 209.5018 1.902541 0.608930 0.635357 -1.328343 0.837901 20.856188 -4.086462 0.10398217
Pedestrian -1 -1 -4.9247 605.5672 141.4108 631.4233 212.0815 1.805449 0.570184 0.537103 0.306214 0.807144 18.382082 -4.908072 0.10263597
Pedestrian -1 -1 -3.2883 565.9414 137.1788 623.1480 251.3877 1.850258 0.532912 0.883038 -0.231422 1.148808 11.790537 -3.307907 0.10237742
Pedestrian -1 -1 -3.7498 442.1514 142.0844 476.3641 202.3089 1.886028 0.656313 0.852781 -4.707708 0.683262 22.677662 -3.954534 0.10205664
Pedestrian -1 -1 -6.2525 438.6710 142.8869 472.5035 206.1377 1.884423 0.666013 0.987497 -4.566109 0.764113 21.480532 -6.461962 0.10171720
Cyclist -1 -1 -3.9267 429.9836 147.0860 463.0690 187.0118 1.755880 0.626366 1.433117 -7.155760 0.286576 31.867945 -4.147567 0.20331380
Cyclist -1 -1 -4.2137 439.9739 146.9301 469.7844 188.2690 1.747417 0.665989 1.425249 -6.523359 0.328609 30.665373 -4.423268 0.17352849
Cyclist -1 -1 -7.8292 496.6636 139.8620 516.0577 192.2722 1.704552 0.611991 1.545043 -3.342827 0.383143 23.798082 -7.968802 0.15947731
Cyclist -1 -1 -4.3218 486.3906 139.2172 520.0687 191.0025 1.728649 0.600577 1.574433 -3.534181 0.350853 24.438828 -4.465421 0.13945016
Cyclist -1 -1 -4.2654 435.6037 146.4857 462.5804 186.8020 1.751695 0.633143 1.396446 -6.952051 0.274016 31.472378 -4.482827 0.13696569
Cyclist -1 -1 -3.2216 595.7253 141.9991 660.7249 214.6215 1.825820 0.494057 1.623840 0.542618 0.858180 18.063410 -3.191597 0.13507573
Cyclist -1 -1 -3.9091 433.9763 146.2199 468.1127 187.4473 1.765113 0.647942 1.411281 -6.772989 0.297647 31.038441 -4.123981 0.13319683
Cyclist -1 -1 -3.8195 420.8831 140.6262 457.2299 184.6134 1.736997 0.600805 1.357934 -6.740407 0.162662 28.640657 -4.050617 0.11442225
Cyclist -1 -1 -7.8025 612.2013 141.8412 636.9394 213.0592 1.721346 0.545787 1.703376 0.470205 0.787289 17.959755 -7.776284 0.11350978
Cyclist -1 -1 -6.3727 596.3126 141.5957 663.4713 215.9504 1.826026 0.507393 1.636398 0.570290 0.870928 17.663996 -6.340380 0.10931925
Cyclist -1 -1 -7.7605 612.6901 139.0914 641.5112 214.6543 1.730291 0.547162 1.650979 0.506170 0.782426 17.043346 -7.730793 0.10691275
Cyclist -1 -1 -7.7917 626.4996 140.0881 653.1829 212.4238 1.705824 0.560518 1.722441 0.838993 0.753160 17.560452 -7.743998 0.10537942
