Car -1 -1 -8.0895 704.4653 169.6016 845.4512 282.4926 1.709815 1.601472 3.454819 2.677205 1.660255 12.676878 -7.881348 0.99981338
Car -1 -1 -7.9369 660.4165 177.7353 713.6591 220.1812 1.408857 1.607632 3.684706 2.686276 1.598599 26.233765 -7.834867 0.99882239
Car -1 -1 -5.7290 365.3437 176.0989 498.7438 225.9260 1.532339 1.648918 3.996139 -5.893651 1.645210 23.767981 -5.972063 0.97690696
Car -1 -1 -5.7519 36.5399 178.2795 372.9997 285.7766 1.507397 1.657955 4.266865 -6.108018 1.597215 11.096199 -6.255077 0.97300172
Car -1 -1 -5.8534 157.2662 176.1325 397.8339 262.9577 1.558965 1.629730 3.864168 -6.294556 1.625268 13.837717 -6.280319 0.93874580
Car -1 -1 -8.5291 861.6217 196.9222 1241.0000 374.0000 1.433633 1.734758 4.013357 2.805866 1.622014 3.634757 -7.871662 0.86643785
Car -1 -1 -2.4042 203.7997 160.8082 400.5361 255.0559 1.934918 1.704387 3.959817 -6.969778 1.687317 16.265118 -2.809049 0.85706699
Car -1 -1 -2.5074 0.0000 177.2635 256.5130 374.0000 1.570249 1.645716 3.789032 -5.520014 1.615269 6.456688 -3.214712 0.53060979
Car -1 -1 -7.9056 627.5343 175.3460 649.0172 193.5774 1.471651 1.602115 3.900199 2.326329 1.687897 60.739422 -7.867342 0.20352775
Car -1 -1 -5.7874 409.6133 175.9274 515.0754 215.1626 1.454238 1.564278 3.750474 -5.807957 1.579703 28.235855 -5.990300 0.11847655
Car -1 -1 -3.2390 417.0780 173.1645 510.0944 211.4801 1.552870 1.697594 3.718802 -6.274664 1.566335 30.624434 -3.441076 0.10219254
