Pedestrian -1 -1 -7.7542 243.7125 171.4586 305.7442 315.5493 1.751595 0.641162 0.961728 -4.249911 1.630209 9.290909 -8.183249 0.88410032
Pedestrian -1 -1 -4.3941 474.5578 154.4811 569.1677 373.0000 1.759995 0.619571 0.608590 -0.694239 1.551373 5.926176 -4.510750 0.64247245
Pedestrian -1 -1 -7.4796 310.5453 168.6179 363.6830 265.2520 1.779206 0.699466 0.814624 -5.046331 1.542628 13.640063 -7.833975 0.46956763
Pedestrian -1 -1 -4.3598 436.0024 167.4836 493.7554 298.7987 1.728797 0.609967 0.588732 -1.900299 1.544935 9.796507 -4.551423 0.43145433
Pedestrian -1 -1 -7.6419 334.3447 164.8781 414.5315 343.6929 1.783463 0.647332 0.866381 -2.435204 1.618387 7.627011 -7.950909 0.43075207
Pedestrian -1 -1 -7.4636 249.8059 157.7448 297.2197 252.6061 1.775136 0.602889 0.719037 -6.335427 1.331205 13.813345 -7.893576 0.33634394
Pedestrian -1 -1 -6.5945 346.5583 171.9535 390.4865 259.0668 1.721461 0.691155 0.672731 -4.800469 1.533398 14.672377 -6.910670 0.22830063
Pedestrian -1 -1 -8.3520 648.7731 163.7184 669.5963 216.4230 1.832158 0.580986 0.461047 2.007511 1.214425 25.300047 -8.272796 0.21806499
Pedestrian -1 -1 -4.6082 409.4547 166.3301 458.8555 272.7734 1.818153 0.760276 1.018391 -3.010355 1.559656 12.822887 -4.838740 0.20577736
Pedestrian -1 -1 -4.5961 540.0911 164.3121 556.1685 210.4955 1.788004 0.565472 0.576715 -2.103911 1.122928 28.110420 -4.670840 0.18819864
Pedestrian -1 -1 -4.3683 369.1768 168.7104 437.8396 314.9078 1.755362 0.645257 0.658206 -2.507577 1.602481 8.976255 -4.640723 0.16486810
Pedestrian -1 -1 -8.3733 647.9799 164.1092 668.6738 215.5464 1.808320 0.572987 0.477761 2.000842 1.197332 25.592060 -8.295300 0.12661782
Pedestrian -1 -1 -3.3614 456.1300 163.7908 472.7613 204.4488 1.850910 0.663895 0.622922 -6.333790 1.044992 33.129784 -3.550331 0.10559537
Pedestrian -1 -1 -6.0428 457.0813 165.6021 475.7929 208.0204 1.842285 0.623497 0.679238 -5.937340 1.152117 31.527979 -6.228968 0.10347965
Cyclist -1 -1 -4.5373 322.0410 171.2306 418.8331 353.4828 1.712910 0.673524 1.881214 -2.470159 1.617105 7.728530 -4.846604 0.52969915
Cyclist -1 -1 -4.3729 389.8051 166.9256 471.6450 275.1096 1.773869 0.839151 1.874744 -3.024043 1.535525 12.755103 -4.605700 0.47339961
Cyclist -1 -1 -4.2456 297.7512 171.4189 377.6034 272.2655 1.786206 0.715047 1.746269 -5.001440 1.608260 13.631653 -4.597232 0.27313563
Cyclist -1 -1 -5.7871 322.2162 174.9005 421.1071 262.6102 1.747995 0.724031 1.820730 -4.773941 1.617057 14.839095 -6.098356 0.21240531
Cyclist -1 -1 -4.3470 331.3188 172.5677 393.3434 263.0447 1.730031 0.634403 1.695844 -4.863275 1.559829 14.596434 -4.668577 0.18419646
Cyclist -1 -1 -4.7413 650.3287 164.9611 666.4136 217.0444 1.787842 0.516369 1.683001 1.987682 1.220527 25.511103 -4.663508 0.13527444
Cyclist -1 -1 -4.6038 247.4890 158.2636 293.6969 255.8643 1.744426 0.624786 1.717273 -6.346406 1.329730 13.752270 -5.036196 0.10998837
