Pedestrian -1 -1 -8.1403 755.1307 148.6900 848.9847 366.1354 1.700994 0.560471 0.741574 1.597987 1.445066 5.997200 -7.879931 0.88144118
Pedestrian -1 -1 -3.6540 621.6157 162.9683 684.3882 259.1380 1.857742 0.754544 1.018232 0.990022 1.500352 14.435679 -3.585493 0.86694604
Pedestrian -1 -1 -3.7790 1095.0391 150.2146 1184.2863 271.8558 1.821813 0.529390 0.971825 8.197663 1.353899 11.024143 -3.139557 0.85926622
Pedestrian -1 -1 -3.9446 171.3505 164.4513 286.7119 355.8493 1.704798 0.602004 0.786519 -3.585162 1.553663 6.860507 -4.426185 0.84854996
Pedestrian -1 -1 -5.2102 854.3760 154.5689 959.1959 364.4644 1.646511 0.530469 0.705189 2.479623 1.435985 6.013763 -4.819082 0.57253861
Pedestrian -1 -1 -5.1175 895.5595 151.1087 946.5693 245.6115 1.901405 0.686035 0.842523 6.564627 1.290512 14.877790 -4.701941 0.57028586
Pedestrian -1 -1 -6.5222 1115.9143 146.6482 1185.9001 259.8338 1.804985 0.486097 0.822903 8.995013 1.249832 11.842448 -5.872610 0.22287852
Pedestrian -1 -1 -6.8050 1108.2828 145.2715 1177.4911 254.5241 1.814199 0.476462 0.809196 9.148264 1.213231 12.213682 -6.162164 0.16366264
Pedestrian -1 -1 -6.5987 1106.3536 145.9619 1183.0302 261.8306 1.815686 0.476056 0.884091 8.726500 1.259434 11.624335 -5.954766 0.15576439
Pedestrian -1 -1 -7.5732 250.3643 194.1912 279.7886 250.8106 1.431467 0.556093 0.571120 -8.752978 1.766929 18.632942 -8.012398 0.14864619
Pedestrian -1 -1 -3.1321 725.0353 164.1243 760.6978 243.0359 1.830536 0.577109 0.815460 3.315158 1.428012 17.027853 -2.939776 0.13395984
Pedestrian -1 -1 -7.5799 253.7866 191.5914 282.3423 247.7256 1.467585 0.550658 0.611332 -8.960998 1.743379 19.250555 -8.015553 0.12847099
Pedestrian -1 -1 -3.3475 174.5487 158.2722 272.4272 332.9684 1.729175 0.601438 0.808514 -4.047716 1.499970 7.600098 -3.836898 0.10266205
Cyclist -1 -1 -7.8008 255.5145 185.8161 279.2396 253.9047 1.727316 0.489092 1.712371 -8.957828 1.848612 19.220694 -8.236964 0.17966932
