Car -1 -1 -8.0819 693.5674 174.5505 827.2188 274.4735 1.584319 1.634493 3.348168 2.545459 1.619064 13.201620 -7.891436 0.99864393
Car -1 -1 -4.3884 326.1261 182.7505 445.0699 263.8836 1.594583 1.542292 3.458747 -4.998786 1.842644 16.357777 -4.684984 0.99701083
Car -1 -1 -4.5519 462.1359 182.3447 514.5819 219.0332 1.476561 1.686561 3.948071 -5.372416 1.923743 32.041420 -4.718043 0.99605966
Car -1 -1 -7.0878 1123.8044 106.5332 1241.0000 284.6690 2.470428 2.071705 6.176617 11.657482 1.550376 11.063621 -6.276275 0.38234425
Car -1 -1 -7.9418 633.8163 177.6702 660.6906 199.0433 1.441597 1.593768 3.584610 2.585467 1.795933 51.308598 -7.891476 0.21531598
Car -1 -1 -7.2756 1169.1835 132.8580 1241.0000 374.0000 2.094269 1.987669 5.546095 7.631934 1.854947 5.411730 -6.321638 0.17767006
Car -1 -1 -7.1262 1158.8257 98.6884 1241.0000 299.1194 2.441284 2.070420 6.171150 11.332396 1.537635 9.859867 -6.271429 0.12922609
Car -1 -1 -7.6855 630.3818 178.5745 659.0119 197.5457 1.373591 1.618029 3.573055 2.662874 1.827071 55.317795 -7.637423 0.10579899
Pedestrian -1 -1 -4.9825 536.4056 173.3305 556.2597 214.3589 1.730084 0.669038 0.754234 -2.773753 1.750508 30.907434 -5.072050 0.61197048
Pedestrian -1 -1 -8.2688 519.2984 172.6938 541.7063 216.2237 1.806005 0.656548 0.839897 -3.403083 1.799057 30.463764 -8.380082 0.44107890
Pedestrian -1 -1 -8.3907 517.7455 172.7578 541.0658 216.6093 1.786930 0.665193 0.759461 -3.385970 1.782709 29.905878 -8.503486 0.20818844
Cyclist -1 -1 -4.2690 513.1656 172.8348 545.4371 218.1465 1.834907 0.603573 1.863054 -3.403622 1.833829 30.197828 -4.381259 0.16762407
Cyclist -1 -1 -4.3423 531.2087 173.9828 560.0325 215.3411 1.706848 0.588342 1.879928 -2.776499 1.756296 30.816038 -4.432146 0.10035308
