Car -1 -1 -8.1672 733.3127 176.4245 983.6972 345.9353 1.559728 1.660169 3.587219 2.571083 1.610573 8.525473 -7.874296 0.99864882
Car -1 -1 -4.6331 521.0002 174.7558 567.2188 210.2509 1.474184 1.717937 4.518290 -2.935593 1.565471 32.478352 -4.723217 0.99841285
Car -1 -1 -4.4121 236.9051 187.8081 473.3837 358.3287 1.472300 1.529415 3.493008 -2.699137 1.680342 8.295283 -4.726628 0.99611700
Car -1 -1 -8.0018 672.9604 170.1793 756.8052 242.2091 1.660433 1.597734 3.411823 2.517507 1.598474 18.347857 -7.865449 0.98649186
Car -1 -1 -8.0105 698.1590 178.4973 814.9656 275.0125 1.521007 1.551341 3.412534 2.507934 1.638263 13.301656 -7.824185 0.97136825
Car -1 -1 -7.9989 651.2494 166.9592 700.2532 210.9491 1.845480 1.629936 3.830140 2.831077 1.597879 32.228828 -7.911284 0.97106057
Pedestrian -1 -1 -4.6076 402.5538 174.4766 438.0944 258.6451 1.754130 0.677397 0.586710 -4.090718 1.789214 15.392635 -4.867323 0.12899077
Pedestrian -1 -1 -7.4049 749.9892 161.4071 778.2391 217.5322 1.763857 0.704076 0.579133 4.890513 1.403812 23.120266 -7.196428 0.10704049
Pedestrian -1 -1 -4.0166 395.9881 174.4256 440.8683 261.6055 1.769996 0.725814 0.543536 -4.049232 1.803374 15.062611 -4.279258 0.10091141
Cyclist -1 -1 -4.4671 389.7533 175.0668 440.0008 265.2518 1.783019 0.620037 1.739140 -4.128537 1.831970 15.183903 -4.732535 0.10804370
