Car -1 -1 -5.6682 0.0000 147.5343 165.6203 254.2200 2.287978 2.054966 6.070139 -13.859492 1.560118 16.668123 -6.361824 0.16647327
Pedestrian -1 -1 -3.8891 269.4851 166.2348 343.9235 278.1696 1.736179 0.651825 0.926614 -4.830250 1.500045 11.699004 -4.280611 0.93807900
Pedestrian -1 -1 -5.2533 796.1172 163.3334 887.4641 330.2636 1.746242 0.626140 0.819804 2.600217 1.556904 7.984087 -4.938466 0.88367182
Pedestrian -1 -1 -4.1664 1070.5092 147.5350 1169.6885 311.6866 1.725392 0.596477 0.738894 5.695340 1.369088 7.969939 -3.545963 0.81775343
Pedestrian -1 -1 -4.0205 391.9429 163.8305 437.4400 254.9790 1.773070 0.592953 0.669377 -3.779362 1.429945 14.401933 -4.277181 0.47231540
Pedestrian -1 -1 -3.0577 351.8015 160.5497 403.4822 253.3616 1.801108 0.520460 0.943535 -4.482415 1.395138 14.296895 -3.361528 0.44889420
Pedestrian -1 -1 -2.8410 362.1417 163.6485 422.0494 258.8662 1.746070 0.537599 0.961972 -3.950668 1.419321 13.448503 -3.126731 0.36822233
Pedestrian -1 -1 -8.5776 708.8431 155.8092 805.2762 333.5415 1.777097 0.608144 0.832900 1.602138 1.520928 7.694835 -8.372337 0.34302652
Pedestrian -1 -1 -7.3458 674.2958 170.1037 705.8157 229.6098 1.615354 0.570359 0.765918 2.434843 1.306487 19.977381 -7.224500 0.33496583
Pedestrian -1 -1 -3.2773 353.9060 162.0896 402.6084 252.7198 1.793108 0.529223 0.883167 -4.590713 1.409663 14.639547 -3.581169 0.26808807
Pedestrian -1 -1 -3.7745 1015.5695 146.0379 1093.9105 283.4198 1.763580 0.481468 0.731774 5.928033 1.309023 9.488603 -3.216057 0.26732716
Pedestrian -1 -1 -3.8860 1110.7300 141.7445 1198.1149 283.5724 1.766570 0.512933 0.738110 7.048751 1.272063 9.236875 -3.234172 0.25496358
Pedestrian -1 -1 -7.2918 621.5519 163.4103 656.8289 239.9888 1.765326 0.578162 0.646894 0.858201 1.348860 16.990267 -7.241294 0.14014399
Pedestrian -1 -1 -2.9052 378.5867 161.0255 429.2733 253.3777 1.773596 0.549182 0.854894 -3.903721 1.380984 14.084350 -3.175535 0.12255529
Pedestrian -1 -1 -3.5718 1069.3232 140.5186 1177.5089 302.9333 1.821708 0.502470 0.892603 6.021188 1.362736 8.389029 -2.949297 0.10822576
