Car -1 -1 -8.0757 700.2867 171.5787 811.5114 250.6173 1.541446 1.612336 3.596314 3.025376 1.516274 15.895994 -7.887621 0.99803466
Car -1 -1 -8.3261 793.3880 171.3927 1159.0933 374.0000 1.559101 1.648001 3.841156 3.250282 1.547698 7.449142 -7.914646 0.99791843
Car -1 -1 -4.4711 377.9297 177.1483 461.1470 233.8136 1.555791 1.603071 3.709136 -5.737606 1.697286 21.959032 -4.726696 0.99677116
Car -1 -1 -4.5283 430.3266 180.3222 487.4245 219.7765 1.342273 1.497726 3.318903 -5.604588 1.637290 26.856848 -4.734027 0.93047059
Car -1 -1 -8.0314 685.1448 172.3361 763.2637 229.6011 1.553028 1.633584 3.752075 3.248196 1.538683 21.465712 -7.881217 0.91930324
Car -1 -1 -6.9719 0.0000 196.2883 250.4566 374.0000 1.486839 1.734050 4.464574 -5.888785 1.794263 7.118525 -7.663063 0.82548463
Car -1 -1 -7.6682 1121.3881 180.0101 1241.0000 374.0000 1.519718 1.640817 4.162400 4.654926 1.574046 3.793176 -6.781192 0.18642938
Pedestrian -1 -1 -7.7463 1127.5215 138.4036 1241.0000 374.0000 1.735920 0.719876 0.662743 2.905116 1.595664 3.420462 -7.042211 0.17435831
Cyclist -1 -1 -4.0587 1071.3718 140.4383 1241.0000 374.0000 1.755467 0.778125 1.833339 3.214667 1.627485 3.367953 -3.296551 0.27346170
Cyclist -1 -1 -5.4361 1082.0209 111.9942 1241.0000 374.0000 1.871032 0.651460 1.840744 2.881050 1.687209 3.103869 -4.687921 0.24131718
Cyclist -1 -1 -3.9179 1074.6788 123.5937 1241.0000 374.0000 1.814259 0.738422 1.792044 2.910703 1.646074 2.846401 -3.121308 0.13374567
Cyclist -1 -1 -5.3108 1086.8984 91.7065 1241.0000 374.0000 1.828496 0.654792 1.860285 2.530643 1.635695 2.681734 -4.554348 0.10397081
