Car -1 -1 -8.1028 734.4305 188.5322 906.5399 306.0814 1.366476 1.569796 3.326397 2.809745 1.630827 10.506783 -7.841497 0.99801493
Car -1 -1 -6.6784 793.7097 174.2420 1010.8293 251.5199 1.603989 1.689846 4.097389 6.264406 1.635966 15.893422 -6.302979 0.99331576
Car -1 -1 -5.4101 0.0000 179.3581 325.0108 338.1374 1.526915 1.628162 3.933329 -5.574202 1.614244 8.384681 -5.996811 0.99271303
Car -1 -1 -5.4128 73.0900 177.4377 341.7843 299.6020 1.562461 1.585787 3.506306 -5.995743 1.638695 10.688862 -5.923991 0.93392640
Car -1 -1 -7.9010 637.6417 179.1060 667.3610 203.2434 1.397758 1.648567 3.984420 2.564079 1.803152 44.820045 -7.843812 0.90479958
Car -1 -1 -5.4167 0.0000 179.5230 163.6588 374.0000 1.497409 1.588219 3.954756 -6.096063 1.559248 5.816445 -6.225599 0.83381355
Car -1 -1 -3.1492 343.0024 170.1992 476.1291 229.0091 1.785126 1.721962 3.991902 -6.471221 1.704242 23.278549 -3.420304 0.78200591
Car -1 -1 -4.9615 751.6299 179.3239 846.0437 235.2603 1.381659 1.599287 4.003866 5.129201 1.581246 20.288836 -4.713843 0.77019471
Car -1 -1 -3.7080 715.0695 179.7804 835.8093 222.8847 1.464251 1.634766 4.071222 6.007412 1.731648 26.432243 -3.484523 0.75474107
Car -1 -1 -5.4415 164.5754 184.1604 402.8026 274.5944 1.399004 1.556316 4.156149 -5.995767 1.628110 13.094301 -5.870869 0.65968716
Car -1 -1 -2.4794 206.2015 183.6420 400.3190 259.2054 1.466078 1.626064 3.632434 -6.645355 1.717875 15.608968 -2.881876 0.61512309
Car -1 -1 -7.6558 359.5981 173.8188 453.4110 244.0978 1.705883 1.680061 4.067868 -5.459272 1.734668 19.660845 -7.926677 0.55750453
Car -1 -1 -3.3872 704.1785 177.6199 818.5753 218.8104 1.586841 1.709373 4.200635 5.970098 1.784040 28.957623 -3.183850 0.45131102
Pedestrian -1 -1 -5.3249 931.6900 164.3498 952.3075 205.5396 1.837189 0.613407 0.595093 14.922671 1.457575 32.530952 -4.894843 0.39859170
Pedestrian -1 -1 -5.3031 931.7375 163.0100 954.5042 205.0644 1.849298 0.666672 0.656296 14.775823 1.416119 32.105789 -4.871819 0.33313814
Pedestrian -1 -1 -5.3685 932.0501 163.5396 951.3557 203.4554 1.809780 0.585677 0.555851 15.149381 1.387166 33.051029 -4.938672 0.26394436
Pedestrian -1 -1 -5.3539 933.6141 163.7372 956.4560 205.8936 1.832359 0.671699 0.622819 14.689707 1.435790 31.736191 -4.920399 0.23391466
Pedestrian -1 -1 -3.9057 0.0000 147.2216 68.9319 374.0000 1.673553 0.650208 0.617472 -3.760859 1.536232 4.189324 -4.637296 0.13797064
Pedestrian -1 -1 -3.7165 931.2548 164.5158 950.2473 203.0723 1.773166 0.535208 0.607682 15.307850 1.389402 33.491608 -3.287780 0.13392773
