Car -1 -1 -8.1341 717.0880 176.9645 868.5001 276.5730 1.523640 1.642303 3.717732 3.071714 1.608725 13.090774 -7.903634 0.99765307
Car -1 -1 -4.3919 334.9070 185.7261 439.7798 255.4631 1.604231 1.571824 3.671598 -5.824248 1.978441 19.137949 -4.687323 0.99435991
Car -1 -1 -4.4950 404.8864 184.9162 473.4346 236.1701 1.544682 1.526569 3.513235 -5.727376 1.980892 24.344181 -4.726113 0.98676467
Car -1 -1 -8.4283 884.7788 179.1468 1241.0000 374.0000 1.532665 1.638652 3.865062 3.100362 1.587763 4.387599 -7.813099 0.98421901
Car -1 -1 -8.1075 692.7907 179.2494 784.7404 242.9248 1.442782 1.521599 3.212466 3.125579 1.619870 18.348194 -7.938737 0.83873862
Car -1 -1 -3.6541 0.0000 192.4142 130.2374 261.0999 1.408040 1.621260 3.807102 -14.479335 1.952807 18.037985 -4.330446 0.23223506
Car -1 -1 -7.2408 1057.0192 193.1404 1241.0000 374.0000 1.486021 1.618594 4.301597 4.764965 1.609119 3.528002 -6.307319 0.13979906
Pedestrian -1 -1 -7.2506 737.3098 166.5105 758.8334 215.3264 1.755407 0.596744 0.493788 4.992169 1.526997 26.332039 -7.063275 0.10104322
Cyclist -1 -1 -4.1773 0.0000 182.9827 80.6035 374.0000 1.797205 0.636881 1.756219 -4.964925 1.888027 5.568377 -4.905462 0.14948119
Cyclist -1 -1 -4.1478 0.0000 183.1214 95.1654 374.0000 1.760672 0.613110 1.771808 -4.320172 1.842237 4.828744 -4.877691 0.10460905
