Car -1 -1 -7.9986 688.8856 172.4988 764.2535 236.9887 1.744547 1.641537 3.909078 3.318788 1.734638 21.480253 -7.845288 0.99955040
Car -1 -1 -5.2251 824.1657 141.9195 1241.0000 374.0000 1.727297 1.722277 4.387093 3.289567 1.561219 6.074092 -4.728785 0.99900156
Car -1 -1 -4.6972 491.3229 188.2391 541.1635 231.7088 1.365077 1.657835 3.917962 -3.412345 1.965751 26.143938 -4.826963 0.98413944
Car -1 -1 -4.4410 557.6017 185.9701 609.1597 215.2016 1.379168 1.733103 3.901130 -1.381223 2.108241 38.025082 -4.477302 0.57265985
Car -1 -1 -7.8694 676.8362 177.3328 711.9853 214.6505 1.666531 1.584329 3.536279 3.960847 1.891798 34.501232 -7.755097 0.56590784
Car -1 -1 -4.0511 996.3366 188.3778 1241.0000 374.0000 1.559243 1.654758 4.621429 5.010849 1.673715 4.377489 -3.198313 0.28387040
Pedestrian -1 -1 -7.6174 869.9563 172.0788 892.0791 225.9153 1.728532 0.589671 0.435759 8.783805 1.703341 23.512014 -7.259863 0.13342230
Pedestrian -1 -1 -7.6452 862.4454 170.8598 882.8755 222.8372 1.727571 0.573122 0.418130 8.802797 1.660989 24.310574 -7.297780 0.11368372
Cyclist -1 -1 -4.8441 691.1350 176.4832 709.7282 219.0198 1.804860 0.595528 1.624230 3.903283 1.967442 31.569033 -4.721065 0.10742980
Cyclist -1 -1 -8.0758 685.3406 177.5495 711.1232 228.6913 1.775361 0.558135 1.710177 3.129249 1.950554 26.088387 -7.956462 0.10075493
