Car -1 -1 -4.4948 486.4453 174.8893 577.9151 234.6526 1.484145 1.716686 3.855702 -1.832724 1.320504 19.859098 -4.586849 0.99653232
Pedestrian -1 -1 -5.1313 648.5472 160.8024 710.7736 279.9159 1.798270 0.667450 0.900210 1.179417 1.486440 11.376247 -5.027997 0.93079621
Pedestrian -1 -1 -5.3264 691.8522 165.1090 751.8752 272.6363 1.755488 0.624073 0.863303 1.999426 1.488518 12.252129 -5.164602 0.85207945
Pedestrian -1 -1 -8.3361 923.9060 145.3380 1098.2091 373.0000 1.766032 0.639836 0.698300 2.328178 1.570405 4.256120 -7.835538 0.78617841
Pedestrian -1 -1 -8.2892 781.7103 165.4398 853.7625 305.1485 1.721138 0.621585 0.767199 2.727701 1.523964 9.275056 -8.003209 0.67755997
Pedestrian -1 -1 -4.7832 613.8407 159.3416 633.5311 215.7318 1.769313 0.577201 0.703096 0.676139 1.074510 22.901838 -4.753711 0.65721583
Pedestrian -1 -1 -4.6938 560.2042 166.8018 613.7971 318.7857 1.751748 0.617798 0.648508 -0.218445 1.583027 8.605798 -4.719222 0.58692878
Pedestrian -1 -1 -5.4930 751.9558 170.6544 844.6639 334.5098 1.669030 0.618707 0.752812 2.075283 1.559261 7.797359 -5.232833 0.58309788
Pedestrian -1 -1 -5.0280 870.6837 149.2395 985.3928 373.0000 1.761396 0.637389 0.743376 2.553984 1.519434 5.805408 -4.613592 0.43626067
Pedestrian -1 -1 -3.4962 632.7372 164.5315 655.5243 216.7820 1.784101 0.537194 0.640316 1.450354 1.205121 24.878010 -3.437943 0.32620308
Pedestrian -1 -1 -8.0574 899.4948 172.4101 967.8410 316.9343 1.645014 0.602713 0.728442 3.907176 1.542240 8.598154 -7.630894 0.31824383
Pedestrian -1 -1 -3.3493 633.3345 163.6861 657.3422 217.6498 1.816519 0.555324 0.717330 1.467906 1.217286 24.507961 -3.289500 0.17923003
Pedestrian -1 -1 -3.2446 655.3119 165.3078 677.5461 216.3683 1.847669 0.602958 0.751302 2.351363 1.262126 26.300230 -3.155445 0.17216752
Pedestrian -1 -1 -2.9982 656.4280 161.2519 710.8560 261.8109 1.798438 0.584072 0.924855 1.479523 1.436923 13.246103 -2.886949 0.15951283
Pedestrian -1 -1 -3.6042 632.1263 165.5225 654.7063 217.1334 1.786484 0.525279 0.622101 1.447347 1.233838 25.228790 -3.546907 0.15822005
Pedestrian -1 -1 -8.7111 729.4474 158.0675 824.8917 343.3753 1.740394 0.593725 0.716320 1.704819 1.521032 7.210685 -8.478954 0.14664033
Pedestrian -1 -1 -6.1752 887.7956 130.3485 1032.4845 373.0000 1.804150 0.616833 0.886984 2.564256 1.467262 5.239075 -5.719990 0.11637571
Pedestrian -1 -1 -3.2730 653.9965 165.8862 676.9263 216.3474 1.851396 0.617097 0.772737 2.350307 1.278914 26.680376 -3.185114 0.11452958
Pedestrian -1 -1 -8.1362 900.7495 183.0793 965.6881 307.9770 1.490097 0.565890 0.672714 4.069432 1.511272 8.953074 -7.709574 0.11216585
Pedestrian -1 -1 -3.2847 655.9323 164.9249 678.5071 216.8477 1.849475 0.592790 0.732223 2.343525 1.259469 25.902229 -3.194501 0.11181051
Cyclist -1 -1 -2.1432 394.3703 156.5351 480.3532 262.7425 1.873206 0.666283 1.874922 -3.164314 1.433507 13.560862 -2.372410 0.49206477
