Car -1 -1 -8.2123 763.2534 171.2822 1049.4993 374.0000 1.669299 1.611398 3.327204 2.734987 1.656096 7.596820 -7.866715 0.99885285
Car -1 -1 -7.9570 675.1897 183.1493 742.7176 236.7542 1.409217 1.604373 3.671190 2.817926 1.742728 21.538307 -7.826858 0.99694306
Car -1 -1 -5.1251 0.0000 188.6801 189.9448 374.0000 1.488998 1.616690 4.177032 -6.102337 1.669074 6.641795 -5.868155 0.94051886
Car -1 -1 -5.4823 332.8165 185.5177 478.2182 246.5347 1.407684 1.577511 3.626768 -5.426550 1.766804 18.891693 -5.762049 0.91759306
Car -1 -1 -6.2311 728.4850 177.8316 833.1689 222.0856 1.493786 1.594939 3.552608 6.090831 1.680872 25.901110 -6.000115 0.90654379
Car -1 -1 -5.5757 0.0000 179.5251 306.3493 334.7202 1.639943 1.684986 4.197284 -6.176164 1.730062 8.746438 -6.190484 0.89878899
Car -1 -1 -5.8704 359.7957 177.2702 493.5321 228.6258 1.588663 1.639060 3.919444 -6.009819 1.739976 23.642729 -6.119350 0.88104516
Car -1 -1 -2.5517 0.0000 160.2442 311.0895 293.8011 1.918020 1.696302 3.966890 -7.058191 1.736631 11.270107 -3.111191 0.84325147
Car -1 -1 -6.3232 389.8600 180.1552 494.7640 223.6781 1.456399 1.636477 3.549969 -6.050611 1.730246 25.830368 -6.553328 0.30546537
Car -1 -1 -5.9304 249.7503 185.1557 457.5723 252.1998 1.433638 1.532376 4.213947 -5.814207 1.728525 16.517467 -6.268878 0.29630813
Car -1 -1 -6.4849 725.5828 180.0895 831.5314 218.7405 1.476265 1.536207 3.867860 6.595139 1.771726 28.678854 -6.258913 0.17124937
Cyclist -1 -1 -7.2796 0.0000 97.0307 207.9000 374.0000 1.844466 0.679003 1.855689 -2.331625 1.658828 2.728304 -7.986722 0.10037176
