Car -1 -1 -4.6191 553.0428 170.6812 584.3592 193.8071 1.374702 1.591794 3.896345 -1.991608 0.731688 44.685539 -4.663620 0.91265517
Pedestrian -1 -1 -4.8899 473.4849 162.6945 513.3516 262.4079 1.802943 0.598552 0.833298 -2.077514 1.463524 13.479622 -5.042853 0.84637105
Pedestrian -1 -1 -4.6802 504.3683 158.8922 536.2240 258.5057 1.826757 0.576766 0.795294 -1.568258 1.412769 13.593241 -4.795049 0.79858023
Pedestrian -1 -1 -4.6295 634.6654 158.5669 660.4703 228.8421 1.771119 0.604457 0.773306 1.161161 1.193666 18.530294 -4.566924 0.71806479
Pedestrian -1 -1 -4.6349 951.2549 144.3772 1054.8877 373.0000 1.682303 0.566058 0.681588 2.672993 1.454537 4.862093 -4.132212 0.64952093
Pedestrian -1 -1 -4.7144 671.2993 159.8570 694.5328 226.0739 1.790835 0.625349 0.723597 2.212783 1.206000 19.821089 -4.603181 0.63179034
Pedestrian -1 -1 -8.1069 583.0921 158.8151 615.1485 233.7693 1.808735 0.597856 0.855003 -0.100954 1.261856 17.824030 -8.112551 0.45211458
Pedestrian -1 -1 -4.6205 1020.8460 114.9152 1121.6376 340.7609 1.900376 0.701050 0.904045 4.284677 1.340825 6.616415 -4.045788 0.29276597
Pedestrian -1 -1 -7.4826 154.0134 202.6560 289.1963 373.0000 1.467871 0.555329 0.581473 -2.333216 1.606642 4.364689 -7.973479 0.17579404
Pedestrian -1 -1 -5.0826 703.6426 161.9451 738.1444 227.0793 1.896541 0.715340 0.960732 3.528504 1.327625 21.459736 -4.919592 0.15801600
Pedestrian -1 -1 -4.0020 0.0000 109.7221 239.2119 373.0000 1.777758 0.698981 0.738895 -2.139496 1.515355 3.035276 -4.615966 0.12701455
Cyclist -1 -1 -4.5396 579.1240 160.1574 616.3285 235.6108 1.769885 0.627915 1.779976 -0.106485 1.269801 17.779507 -4.545588 0.69662333
Cyclist -1 -1 -6.4991 558.8867 157.3354 629.7972 233.4137 1.839992 0.518673 1.686205 -0.215002 1.256092 17.816483 -6.511181 0.12823410
Cyclist -1 -1 -4.1556 0.0000 162.1502 276.6045 373.0000 1.697292 0.573449 1.813244 -2.276973 1.630489 3.424002 -4.742481 0.12701353
