Car -1 -1 -4.1583 0.0000 188.6172 277.7894 353.7539 1.486693 1.717762 4.054674 -5.913698 1.726544 8.940130 -4.742702 0.99523634
Car -1 -1 -8.3874 829.5518 186.6100 1241.0000 374.0000 1.420479 1.579446 3.501206 3.006134 1.559789 5.544576 -7.890557 0.99473828
Car -1 -1 -4.9847 464.9016 178.5680 515.4595 208.9084 1.348547 1.553470 3.295335 -5.823806 1.636505 34.578064 -5.151516 0.97861028
Car -1 -1 -3.1921 654.5929 171.6478 714.7982 191.2407 1.458491 1.642678 4.455310 5.589283 1.368399 54.645721 -3.090163 0.86565453
Car -1 -1 -5.6430 344.2712 180.1758 417.4124 205.4517 1.418670 1.624665 3.936182 -13.598731 1.866215 42.724152 -5.951107 0.71602499
Car -1 -1 -4.2915 144.6521 179.0440 230.4689 222.5208 1.410673 1.445624 3.183002 -14.902995 1.643750 25.543751 -4.819618 0.65516478
Car -1 -1 -5.4870 66.6149 181.8388 172.7639 222.8715 1.379966 1.481718 2.962398 -17.499813 1.712766 25.731169 -6.084237 0.14883439
Car -1 -1 -5.7486 346.3141 180.0558 419.0446 205.2296 1.457672 1.663720 3.903427 -13.800577 1.906562 43.750557 -6.054137 0.14007573
Car -1 -1 -7.0534 942.8350 182.6167 1241.0000 374.0000 1.523910 1.637894 4.304341 4.595007 1.597350 4.599365 -6.268445 0.13864106
Pedestrian -1 -1 -7.8280 675.8293 168.1695 690.9282 209.0328 1.762301 0.640310 0.617047 3.159635 1.559975 31.463907 -7.727934 0.23683019
Pedestrian -1 -1 -3.0397 675.1265 170.8264 689.4874 209.5615 1.693245 0.591229 0.575300 3.155180 1.604310 31.887890 -2.941073 0.12311553
Pedestrian -1 -1 -8.1527 674.0206 167.9781 693.1104 209.9212 1.766237 0.649036 0.640380 3.089710 1.560611 30.762106 -8.052567 0.11811715
Cyclist -1 -1 -4.6468 675.9439 168.2444 691.6026 213.6211 1.906999 0.565058 1.723099 3.157657 1.712976 31.219767 -4.545973 0.12722279
