Car -1 -1 -8.1699 746.2952 180.1238 944.6849 305.5513 1.446290 1.597193 3.554074 3.072993 1.568143 10.326062 -7.880655 0.99448276
Car -1 -1 -4.2817 65.0052 196.0476 302.2232 327.8504 1.466030 1.564750 3.656172 -5.996298 1.866441 10.577938 -4.797387 0.99226439
Car -1 -1 -8.5586 827.9313 186.0819 1241.0000 374.0000 1.471083 1.627287 3.796602 2.995744 1.594972 4.778354 -7.998600 0.99193007
Car -1 -1 -2.3320 0.0000 212.7121 125.1812 374.0000 1.588120 1.697761 4.594781 -7.142724 1.984635 6.235265 -3.185163 0.21246946
Car -1 -1 -5.5756 1178.9912 188.8524 1241.0000 374.0000 1.510888 1.550486 4.214074 6.411234 1.672405 5.169432 -4.683394 0.14439350
Car -1 -1 -3.7202 0.0000 214.4466 96.4123 374.0000 1.483939 1.667327 4.080141 -6.098789 1.897896 5.064512 -4.597974 0.13455604
Car -1 -1 -7.3102 1056.7722 181.0910 1241.0000 374.0000 1.516163 1.630604 4.303501 4.724756 1.567977 3.540375 -6.382510 0.12294286
Pedestrian -1 -1 -5.1368 819.1210 145.1759 859.9144 230.6351 1.804041 0.644730 0.607418 4.893198 1.219457 15.571718 -4.832287 0.29636768
Pedestrian -1 -1 -7.0255 861.0585 141.4946 897.6293 234.5259 1.867207 0.581731 0.421043 5.478274 1.237501 14.830732 -6.671648 0.23193412
Pedestrian -1 -1 -7.5196 830.5020 144.1023 865.8346 232.2290 1.802496 0.574317 0.493214 4.941157 1.214125 15.128064 -7.203942 0.11701823
Pedestrian -1 -1 -6.9828 858.5752 145.7539 901.6919 240.1333 1.840524 0.598158 0.552473 5.349350 1.311737 14.445828 -6.628158 0.10464072
Pedestrian -1 -1 -7.2285 847.5778 143.3203 885.4596 235.3063 1.843756 0.548637 0.493493 5.216437 1.251487 14.828474 -6.890188 0.10247684
