Car -1 -1 -7.3530 117.5502 184.1848 300.5113 262.8097 1.435727 1.647988 3.937320 -8.176265 1.417059 15.099159 -7.849275 0.99982232
Car -1 -1 -7.5804 333.3619 178.8309 463.4274 264.2863 1.524639 1.615312 3.572939 -4.146113 1.410883 14.614136 -7.856849 0.99963117
Car -1 -1 -7.7015 469.2990 179.1515 525.3640 219.7054 1.448316 1.589138 3.599488 -4.191679 1.231902 27.473379 -7.852949 0.99562472
Car -1 -1 -7.8958 593.0889 175.8658 628.7651 206.9221 1.486261 1.631595 3.940612 0.077917 1.038962 36.403397 -7.893639 0.98887467
Car -1 -1 -7.6811 307.3170 166.3749 388.3983 231.2480 1.924397 1.798200 4.164537 -8.427158 1.365661 23.529093 -8.025053 0.97520816
Car -1 -1 -7.9898 655.5875 179.0855 700.9003 212.9875 1.421425 1.565231 3.184696 3.027144 1.164560 31.762869 -7.894827 0.97150898
Car -1 -1 -7.7778 513.2043 177.5716 548.3582 206.1259 1.444602 1.592494 3.544521 -4.075845 1.058033 38.163376 -7.884229 0.36071882
Car -1 -1 -2.3536 0.0000 143.1856 83.0978 264.6744 2.618801 2.195460 6.421834 -16.189510 1.712962 16.646221 -3.125071 0.20968296
Car -1 -1 -2.3293 0.0000 143.5860 55.9469 274.9880 2.546821 2.181344 6.198759 -15.531596 1.740116 15.058825 -3.130163 0.20055494
Car -1 -1 -7.5928 376.5597 162.7583 449.9720 218.0123 2.210976 1.929733 4.620511 -8.328476 1.312506 31.075695 -7.854627 0.15701731
Car -1 -1 -2.3183 0.0000 127.8460 68.6234 284.7838 2.651569 2.171589 6.408680 -14.005346 1.682427 13.265826 -3.130813 0.13987611
Car -1 -1 -2.3613 0.0000 145.8699 61.1798 259.9680 2.707167 2.238744 6.438640 -17.939735 1.773781 18.180513 -3.140012 0.13852172
Car -1 -1 -2.2034 0.0000 67.3730 151.9608 375.0000 2.520477 2.177456 6.135537 -7.145577 1.838697 5.252581 -3.140307 0.12503178
Car -1 -1 -2.2869 0.0000 137.1734 63.2158 331.2652 2.451163 2.176036 6.016821 -11.592903 1.844600 10.179963 -3.137071 0.12028874
Car -1 -1 -2.3561 0.0000 155.0040 71.0537 257.2273 2.595779 2.268179 6.320827 -18.555326 1.828763 19.463715 -3.117574 0.11710575
Car -1 -1 -7.1200 1174.9490 139.4070 1240.0000 279.0207 2.685322 2.216398 6.498178 15.881075 1.804397 15.009839 -6.306424 0.11494466
Car -1 -1 -2.2933 0.0000 127.2524 62.5158 300.8197 2.556555 2.164286 6.308861 -12.895984 1.702943 11.717857 -3.126543 0.11172300
Car -1 -1 -7.1805 1176.3839 109.1236 1240.0000 322.9108 2.678590 2.201213 6.388865 12.036139 1.725372 10.201305 -6.312762 0.11057538
