Car -1 -1 -2.5873 0.0000 171.3203 300.9445 302.6424 1.710908 1.681219 3.864269 -6.754692 1.690627 10.291877 -3.168057 0.99850768
Car -1 -1 -7.9651 632.2677 179.1933 683.5264 217.2335 1.430093 1.642155 4.329010 1.876364 1.713256 30.061562 -7.902766 0.99290174
Car -1 -1 -3.6766 828.5775 186.8452 1120.0863 285.1943 1.430957 1.611951 3.972868 5.739851 1.676853 11.734223 -3.221640 0.98780292
Car -1 -1 -7.0000 1003.5775 182.6451 1241.0000 374.0000 1.550241 1.631953 3.740368 5.930595 1.652494 6.731459 -6.277814 0.97660965
Car -1 -1 -6.9528 932.3636 184.4470 1241.0000 321.4896 1.539285 1.610220 3.617605 6.217406 1.701933 9.202538 -6.358661 0.97562510
Car -1 -1 -2.8654 316.2832 180.7449 467.4827 225.8005 1.405408 1.605699 4.473722 -7.105686 1.672789 23.638411 -3.157399 0.92789131
Car -1 -1 -4.9170 776.1798 168.8231 908.2639 271.0970 1.861130 1.750423 4.489362 4.706308 1.787479 15.445233 -4.621214 0.87898332
Car -1 -1 -5.7726 94.8374 160.0425 358.0249 271.8138 1.874059 1.677073 3.859224 -6.815828 1.658950 12.988847 -6.255884 0.86119890
Car -1 -1 -2.2897 383.4445 181.4483 487.3887 222.7474 1.361563 1.558852 3.787285 -6.425511 1.694264 26.231602 -2.529930 0.75871450
Car -1 -1 -2.2932 0.0000 157.8911 161.1679 374.0000 1.761905 1.788331 5.015174 -6.544512 1.667917 5.476070 -3.167276 0.12746219
Cyclist -1 -1 -4.6582 484.7794 172.2485 507.4031 237.7372 1.819064 0.553819 1.876397 -3.350127 1.801945 21.003860 -4.816382 0.86229211
