Car -1 -1 -4.6423 523.5204 175.0712 549.0229 195.4248 1.412886 1.582657 3.574487 -4.641659 0.966596 51.666836 -4.731923 0.71842349
Car -1 -1 -5.3484 0.0000 145.3667 156.9674 373.0000 1.752718 1.753323 4.527957 -5.899925 1.554491 4.977293 -6.218407 0.14036234
Pedestrian -1 -1 -4.6483 489.2093 168.2280 518.7211 239.9687 1.830806 0.706481 1.029365 -2.583920 1.492625 18.870495 -4.784358 0.82550293
Pedestrian -1 -1 -8.0623 554.6760 162.3117 583.8018 232.2253 1.849603 0.606836 0.942294 -0.916831 1.342471 19.536427 -8.109148 0.81863457
Pedestrian -1 -1 -4.0385 705.2948 162.4302 798.3878 343.5281 1.733761 0.614318 0.725861 1.486610 1.551906 7.345569 -3.838771 0.77552462
Pedestrian -1 -1 -7.7513 462.6888 170.5261 493.1451 241.8073 1.817457 0.690093 1.010504 -3.263424 1.538172 18.843176 -7.922822 0.73365140
Pedestrian -1 -1 -2.6120 580.8014 163.4391 620.9425 229.6918 1.843213 0.544936 1.006553 -0.048688 1.341230 20.473450 -2.614348 0.41085279
Pedestrian -1 -1 -2.8472 606.6009 163.8118 638.5377 225.3964 1.790724 0.553345 0.821232 0.598050 1.276869 21.279890 -2.819127 0.40254828
Pedestrian -1 -1 -3.9470 0.0000 81.3017 222.5280 373.0000 1.850919 0.705780 0.859629 -2.123178 1.530002 2.772878 -4.600511 0.31373048
Pedestrian -1 -1 -4.8787 607.1804 163.2158 632.8132 225.5230 1.777703 0.622799 0.785975 0.503149 1.256513 20.928200 -4.854683 0.27317765
Pedestrian -1 -1 -3.2215 607.6218 163.8479 637.0953 225.8423 1.841916 0.572782 0.843330 0.594790 1.317921 21.650578 -3.194023 0.26079002
Pedestrian -1 -1 -3.8398 0.0000 77.5427 192.9682 373.0000 1.873204 0.699168 0.888752 -2.421021 1.507989 3.033747 -4.513358 0.24665244
Pedestrian -1 -1 -2.5806 591.6577 162.5586 631.2490 227.1899 1.812838 0.522314 1.015016 0.254465 1.282040 20.643200 -2.568289 0.24230391
Pedestrian -1 -1 -3.0385 582.9475 161.2802 620.8132 229.2108 1.870737 0.558538 1.009271 -0.014240 1.314398 20.111603 -3.039176 0.23700650
Pedestrian -1 -1 -7.6878 260.2711 202.8203 354.3485 373.0000 1.438933 0.642510 0.811224 -2.604810 1.640720 6.307501 -8.079486 0.20950072
Pedestrian -1 -1 -3.7596 0.0000 112.7058 180.1197 373.0000 1.796573 0.705432 0.860563 -2.683444 1.522455 3.381867 -4.430371 0.19502868
Pedestrian -1 -1 -2.8171 580.7519 163.8190 621.0938 228.5090 1.853584 0.531616 1.066182 -0.044013 1.347443 21.003704 -2.819150 0.16223104
Pedestrian -1 -1 -4.1343 574.4547 167.5436 602.1972 217.3705 1.865874 0.716701 0.842351 -0.519650 1.343617 27.446684 -4.153212 0.15468040
Pedestrian -1 -1 -4.7094 497.2055 170.6939 519.2659 231.5595 1.746336 0.629020 0.795855 -2.761074 1.436770 21.044926 -4.839812 0.15443861
Pedestrian -1 -1 -5.8525 132.2879 209.2468 265.1233 355.6385 1.298053 0.596059 0.940311 -3.851560 1.575648 6.832520 -6.365803 0.14029075
Pedestrian -1 -1 -3.0903 582.2856 163.3905 620.1307 227.0312 1.873286 0.550691 1.104412 -0.030979 1.340695 21.446962 -3.091733 0.13696186
Pedestrian -1 -1 -3.3614 588.5574 163.6773 625.4324 226.5678 1.879976 0.595150 1.016311 0.134479 1.347668 21.871641 -3.355241 0.11536361
Pedestrian -1 -1 -3.5026 593.3743 161.4677 627.1785 231.2478 1.829741 0.596928 0.741428 0.199319 1.304971 19.243488 -3.492275 0.11354947
Pedestrian -1 -1 -3.3889 590.4827 160.3718 626.1950 229.8523 1.862705 0.590966 0.856856 0.150865 1.296779 19.646585 -3.381229 0.10128497
Cyclist -1 -1 -4.0864 250.7338 203.9846 400.6765 373.0000 1.418567 0.615812 1.378316 -2.563183 1.652348 6.701134 -4.451751 0.34785509
Cyclist -1 -1 -4.1792 261.9966 191.5306 364.7260 314.8283 1.530335 0.624526 1.515203 -3.944107 1.679520 9.841288 -4.560403 0.15461165
Cyclist -1 -1 -4.4387 547.1642 163.4592 591.7390 231.2952 1.767954 0.755506 1.838530 -0.885385 1.298282 19.702385 -4.483564 0.13114849
Cyclist -1 -1 -5.7902 0.0000 154.3558 191.1417 373.0000 1.739036 0.657097 1.726164 -3.898555 1.573906 4.869367 -6.465356 0.12949295
Cyclist -1 -1 -4.3119 481.9885 167.7735 529.4284 235.1864 1.869159 0.717811 1.818884 -2.789455 1.489054 20.889280 -4.444674 0.11924634
Cyclist -1 -1 -5.7675 0.0000 158.7531 189.8184 373.0000 1.691185 0.662424 1.777948 -4.152495 1.540521 5.245110 -6.437138 0.11297917
Cyclist -1 -1 -4.1049 0.0000 0.0000 260.3923 373.0000 1.905327 0.731488 1.830505 -1.976732 1.499421 2.467744 -4.780272 0.10785198
