Car -1 -1 -8.0369 700.7221 190.0425 806.8558 260.2681 1.318323 1.652266 3.861242 3.078680 1.755307 16.423773 -7.851643 0.99944979
Car -1 -1 -8.2036 767.4722 203.6515 1107.5659 374.0000 1.331948 1.667345 4.075780 2.803946 1.733624 7.368289 -7.839952 0.99860066
Car -1 -1 -5.5931 227.2493 187.2261 453.6286 271.3650 1.411576 1.592292 4.012578 -5.263362 1.717858 13.988111 -5.953033 0.97262144
Car -1 -1 -4.6024 543.4339 183.0085 586.5037 216.4851 1.350130 1.534443 3.444005 -1.984712 1.823808 31.922424 -4.664531 0.97080743
Car -1 -1 -2.7821 351.0222 180.0067 492.2527 230.4846 1.506245 1.645005 4.005258 -5.953454 1.742630 22.848732 -3.036955 0.95324183
Car -1 -1 -3.1209 468.7912 179.6571 538.6080 208.4131 1.461204 1.584436 3.578065 -5.633002 1.830163 38.152828 -3.267460 0.93808097
Car -1 -1 -7.9894 658.4124 177.4026 700.9177 212.4858 1.636947 1.611649 3.754388 3.388248 1.876074 36.070526 -7.895736 0.91067022
Car -1 -1 -5.4276 346.5103 183.8528 481.6249 242.6233 1.420199 1.564804 3.618598 -5.434483 1.745512 19.707762 -5.696713 0.90978372
Car -1 -1 -5.4602 274.1059 183.8833 455.0171 256.9945 1.430919 1.577821 3.955286 -5.606192 1.703748 16.240488 -5.792602 0.84205884
Car -1 -1 -2.2778 0.0000 174.9974 309.5994 325.2247 1.495815 1.554841 3.439356 -5.552374 1.524243 8.444914 -2.859370 0.17251380
Car -1 -1 -4.2697 116.1433 170.7195 322.6436 300.2398 1.696768 1.598865 3.040437 -5.790726 1.668505 11.004643 -4.754071 0.16753373
