Car -1 -1 -8.7564 840.9329 176.1379 1066.6050 261.4807 1.413918 1.601483 3.812240 6.491400 1.487511 14.174362 -8.326973 0.99844825
Car -1 -1 -8.0842 645.6750 180.6738 708.5981 226.0706 1.547662 1.612510 3.319471 2.396204 1.858591 26.960653 -7.995529 0.99579018
Car -1 -1 -2.8418 325.6850 193.4369 465.7087 241.0807 1.476954 1.566489 4.165157 -7.064927 2.180763 23.874352 -3.129530 0.98063493
Car -1 -1 -5.9877 460.2627 179.3706 531.0610 208.5624 1.766779 1.725613 4.065617 -7.186476 2.185952 45.310863 -6.144972 0.75807494
Car -1 -1 -7.7850 307.7622 195.6371 394.2592 262.9897 1.297580 1.687399 3.715322 -6.133550 1.906593 17.280783 -8.126092 0.66824692
Car -1 -1 -7.9679 630.6440 180.9310 671.3822 213.0251 1.471707 1.606369 3.673062 1.950811 1.894503 35.914864 -7.913669 0.62488580
Car -1 -1 -2.4618 0.0000 161.1998 327.0634 326.3043 1.996655 1.765907 4.571373 -6.524802 1.855417 9.817618 -3.048382 0.57313567
Car -1 -1 -2.3629 0.0000 172.6120 205.4224 367.1390 1.791300 1.754212 4.354544 -6.973209 1.788771 7.599774 -3.105313 0.57008475
Car -1 -1 -2.8898 394.3235 189.0990 493.1472 224.2008 1.438169 1.539185 3.896176 -7.169334 2.157390 31.139351 -3.116123 0.43740466
Car -1 -1 -4.0158 0.0000 194.6543 202.2494 374.0000 1.483505 1.673254 4.163263 -5.598973 1.737897 6.325540 -4.740298 0.10465884
Car -1 -1 -2.6688 202.4364 192.2917 404.0848 261.3853 1.410610 1.581305 3.867851 -6.841482 1.871305 16.183041 -3.068755 0.10415685
