Car -1 -1 -7.5140 235.7368 187.6934 447.1155 311.7277 1.471612 1.644977 3.914777 -3.683153 1.514955 10.568455 -7.849332 0.99984205
Car -1 -1 -7.6653 432.5742 181.5170 512.5648 240.5313 1.551316 1.625564 3.503976 -3.833628 1.454245 20.652794 -7.848857 0.99947411
Car -1 -1 -8.0626 696.7721 189.2771 804.7788 264.2936 1.385865 1.562707 3.176759 2.827007 1.480183 15.060133 -7.877063 0.99822229
Car -1 -1 -7.9570 651.1694 181.6081 702.0005 221.6245 1.531108 1.651681 4.081754 2.718023 1.393231 29.554909 -7.865275 0.99806374
Car -1 -1 -7.2425 0.0000 177.3592 188.4452 324.2124 1.685931 1.713707 4.204242 -8.115425 1.595893 10.396065 -7.905318 0.99024814
Car -1 -1 -7.7474 479.5934 183.7832 532.8373 223.8175 1.471595 1.667007 4.027769 -3.985904 1.419098 28.463926 -7.886504 0.97689974
Car -1 -1 -7.6059 382.0092 183.2428 440.8943 220.9730 1.497439 1.593768 3.447920 -8.233708 1.419297 30.267696 -7.871520 0.91708523
Car -1 -1 -7.8441 586.2706 182.2695 609.9066 204.0854 1.491195 1.615633 3.591738 -0.692027 1.289966 50.935085 -7.857659 0.84589553
Car -1 -1 -3.9916 0.0000 156.8502 101.9672 375.0000 1.859292 1.767892 4.420470 -7.819924 1.643653 7.735518 -4.782452 0.29293698
Car -1 -1 -4.0409 0.0000 151.0737 102.9472 225.0130 2.237879 2.026354 5.126951 -19.917442 1.204680 24.335033 -4.726792 0.18344340
Car -1 -1 -7.7106 496.9586 182.6795 539.6910 213.3281 1.590549 1.761706 4.044447 -4.867635 1.459086 39.345566 -7.833683 0.16293247
Car -1 -1 -2.3210 0.0000 121.6476 150.7381 347.4523 2.550186 2.248721 6.186738 -9.750622 1.832420 9.274208 -3.131470 0.16026229
Car -1 -1 -7.1529 1164.2698 119.0501 1240.0000 303.0114 2.713914 2.181050 6.754561 13.249128 1.737954 11.782219 -6.308959 0.11768883
Car -1 -1 -7.1864 1178.4374 113.6538 1240.0000 333.4286 2.644346 2.189832 6.524005 11.838296 1.783465 9.826092 -6.308386 0.10521893
Car -1 -1 -2.3963 0.0000 145.0193 73.9687 234.4883 2.809602 2.245303 6.672190 -21.811201 1.547468 23.701704 -3.140168 0.10502685
Car -1 -1 -7.7181 1131.1294 111.1474 1240.0000 375.0000 1.934885 1.938554 4.884288 5.551497 1.675909 4.632760 -6.842760 0.10496452
Pedestrian -1 -1 -4.9507 53.0048 153.7072 89.2712 235.1306 1.822961 0.579296 0.431625 -12.331536 1.117686 16.455000 -5.593868 0.16819389
