Car -1 -1 -7.9738 682.5247 180.3614 759.5534 241.7412 1.460158 1.598140 3.690429 2.848879 1.682004 19.485670 -7.828597 0.99918956
Car -1 -1 -8.3183 805.7119 173.4729 1241.0000 374.0000 1.600994 1.595267 3.516718 2.785001 1.607114 5.718088 -7.865086 0.99624205
Car -1 -1 -6.4913 732.5967 174.1038 861.0302 222.3971 1.545770 1.646149 3.881517 6.097124 1.588676 24.042170 -6.242892 0.99084330
Car -1 -1 -5.5537 0.0000 187.8922 231.4662 374.0000 1.560127 1.678298 4.433924 -6.310764 1.720700 6.845854 -6.298444 0.93124372
Car -1 -1 -5.7487 273.3466 181.8433 463.9022 253.1385 1.511451 1.625436 3.930279 -5.624355 1.735600 16.808304 -6.071577 0.85728478
Car -1 -1 -2.5488 0.0000 152.5877 263.0579 308.4397 1.818747 1.678831 3.797876 -6.848200 1.581945 9.335031 -3.181712 0.84756219
Car -1 -1 -7.8913 634.8901 177.3488 659.3142 198.0372 1.452332 1.655461 3.938319 2.687608 1.797589 53.491985 -7.841128 0.83431917
Car -1 -1 -2.6109 206.2201 186.0557 417.9035 264.5971 1.420780 1.526441 3.633609 -5.926431 1.702452 14.401439 -3.001340 0.60499084
Car -1 -1 -5.6412 356.8912 179.2623 489.0732 229.3387 1.448048 1.572788 3.845332 -5.928882 1.662168 22.689352 -5.896827 0.56613094
Car -1 -1 -5.4477 372.6250 178.5290 494.1616 230.3549 1.553487 1.654790 3.969342 -5.912248 1.754612 23.815361 -5.691045 0.38146219
Car -1 -1 -2.5548 70.8701 185.4480 333.8827 277.1261 1.420873 1.508469 3.696783 -6.903457 1.651198 12.320456 -3.065544 0.32882261
