Pedestrian -1 -1 -4.8391 667.6293 142.0251 719.4600 284.2477 1.759791 0.567514 0.753365 1.076540 1.284129 9.127975 -4.721666 0.91985679
Pedestrian -1 -1 -4.9393 608.4359 144.9370 666.2568 292.9121 1.771138 0.565815 0.752185 0.340377 1.345888 8.885267 -4.901060 0.91296768
Pedestrian -1 -1 -4.6977 548.5235 134.5354 579.7377 230.4096 1.860047 0.605267 0.699405 -0.856393 0.968652 14.080678 -4.758481 0.67576993
Pedestrian -1 -1 -4.6572 483.0540 133.5740 518.1902 231.6638 1.855754 0.639281 0.773490 -2.072473 0.968328 13.791637 -4.806332 0.65148002
Pedestrian -1 -1 -6.0690 275.9958 137.3821 324.8850 248.0325 1.790738 0.584076 0.641315 -5.116454 1.093310 11.791393 -6.478414 0.40664372
Pedestrian -1 -1 -4.5319 447.6543 138.7379 471.0290 200.9328 1.880058 0.610402 0.570573 -4.495038 0.617942 21.665598 -4.736489 0.38485473
Pedestrian -1 -1 -4.5403 409.3660 137.5240 435.5138 199.8522 1.847123 0.679350 0.543016 -5.518884 0.573805 21.252115 -4.794341 0.33863598
Pedestrian -1 -1 -4.6249 455.2578 138.2032 478.2482 199.2876 1.870093 0.653220 0.597444 -4.328079 0.575466 21.978121 -4.819324 0.20431738
Pedestrian -1 -1 -4.6314 500.8462 133.3559 533.5610 229.4824 1.856861 0.590920 0.716040 -1.779928 0.946547 14.028979 -4.757622 0.18959872
Pedestrian -1 -1 -4.9120 660.4781 141.1114 693.2315 228.7793 1.781157 0.572487 0.570588 1.440132 0.981250 14.678097 -4.814201 0.18935274
Pedestrian -1 -1 -4.4821 466.6570 139.5516 491.6529 197.5541 1.859439 0.655398 0.725465 -4.130566 0.546995 23.046074 -4.659461 0.14465618
Pedestrian -1 -1 -4.5784 523.2540 130.6919 558.6657 227.9796 1.854416 0.594963 0.791954 -1.294697 0.905378 13.885030 -4.671351 0.12942150
Pedestrian -1 -1 -4.2803 367.8905 137.1141 401.9867 201.5245 1.893508 0.747813 0.710662 -6.623773 0.618363 21.186008 -4.583336 0.12782222
Pedestrian -1 -1 -4.8341 449.9407 139.0955 472.5932 201.2802 1.844437 0.600837 0.597311 -4.380199 0.616645 21.350319 -5.036435 0.12444703
Pedestrian -1 -1 -4.2496 511.7999 133.8460 552.7770 227.6477 1.832613 0.580304 0.678250 -1.503649 0.921489 14.232921 -4.354835 0.12331665
Pedestrian -1 -1 -4.1855 657.3811 143.1063 694.4478 229.9375 1.795167 0.583305 0.556129 1.462060 1.022433 15.013753 -4.088403 0.11722560
Pedestrian -1 -1 -4.8123 482.8942 139.4310 504.2807 200.0703 1.859060 0.596634 0.640720 -3.516042 0.600264 22.062365 -4.970377 0.11265884
Pedestrian -1 -1 -4.0702 532.9706 132.7888 577.0088 224.1777 1.882467 0.578210 0.790374 -1.104343 0.900043 15.052786 -4.143389 0.10867327
Pedestrian -1 -1 -2.6337 157.8601 135.8922 305.3251 364.1080 1.776413 0.590517 0.898097 -3.094084 1.429627 5.807074 -3.123221 0.10831089
Pedestrian -1 -1 -4.5168 463.4568 138.0462 486.6619 197.4728 1.857002 0.616757 0.615835 -4.148385 0.530659 22.406105 -4.699905 0.10808544
Pedestrian -1 -1 -4.5164 478.7678 141.9753 502.0563 195.3323 1.888013 0.692177 0.764343 -4.144082 0.525089 25.412476 -4.678005 0.10505466
Pedestrian -1 -1 -4.6454 479.8295 139.7872 499.9798 198.3320 1.865199 0.603991 0.632169 -3.752891 0.568392 22.869631 -4.808073 0.10193703
Cyclist -1 -1 -3.7686 385.8373 138.8447 424.4808 184.8086 1.687366 0.557004 1.328713 -7.553031 0.158418 26.650379 -4.044819 0.30627868
Cyclist -1 -1 -4.3876 389.6081 137.2541 414.7381 182.5288 1.686997 0.547911 1.269420 -7.761622 0.075838 26.991978 -4.667584 0.22302143
Cyclist -1 -1 -4.5937 477.1104 141.1440 500.4218 190.5420 1.697398 0.648766 1.465475 -4.136607 0.345322 25.042021 -4.757446 0.21486619
Cyclist -1 -1 -3.3339 383.4261 135.8593 430.6320 185.5445 1.792086 0.589396 1.596352 -7.342339 0.182200 26.124491 -3.607865 0.11856677
Cyclist -1 -1 -8.0097 657.0367 142.2670 696.3690 230.1433 1.715243 0.545952 1.692968 1.418166 0.969339 14.661957 -7.913309 0.10257525
