Car -1 -1 -7.6321 310.1541 177.4776 471.8492 292.3230 1.578329 1.684157 3.999785 -3.419261 1.472141 11.924150 -7.911316 0.99987149
Car -1 -1 -7.4109 78.9743 189.2394 286.5514 278.5997 1.431822 1.678531 4.486753 -8.012248 1.523364 14.025968 -7.929867 0.99981707
Car -1 -1 -7.8583 551.3503 178.9859 597.2151 223.2081 1.585080 1.645037 3.859951 -1.345110 1.361938 27.736956 -7.906734 0.99947959
Car -1 -1 -4.0699 0.0000 162.7512 155.4591 263.1764 1.889946 1.814075 4.534375 -12.299403 1.467335 15.812104 -4.730953 0.99665880
Car -1 -1 -7.7142 408.3203 184.6825 481.7044 242.0333 1.459070 1.527229 3.463492 -4.501266 1.445663 20.076250 -7.934745 0.99074173
Car -1 -1 -7.5772 208.2905 183.5652 281.6884 226.9736 1.503710 1.560983 3.413558 -13.435736 1.446694 26.724989 -8.043054 0.92748094
Car -1 -1 -7.1378 0.0000 144.9284 46.1925 273.9513 2.247124 1.967396 5.160486 -14.777458 1.545618 15.151796 -7.910705 0.32693046
Car -1 -1 -2.3512 0.0000 141.2051 75.7370 263.7165 2.483851 2.142927 5.914517 -15.394685 1.591717 15.688589 -3.127109 0.14308181
Car -1 -1 -7.1749 0.0000 148.9705 49.2043 247.9737 2.211481 1.953768 5.099360 -17.377232 1.402013 18.669586 -7.924489 0.13179548
Car -1 -1 -2.3367 0.0000 140.0174 79.5019 275.3955 2.452621 2.155016 6.041769 -14.242927 1.633929 14.149824 -3.125347 0.10080437
