Car -1 -1 -7.8498 595.7366 177.0441 674.2184 251.3643 1.583500 1.674501 4.136124 0.609349 1.409549 17.415543 -7.814801 0.99967277
Car -1 -1 -7.5245 243.3092 186.0699 434.3943 291.7014 1.482093 1.696577 4.324475 -4.363372 1.499439 12.293189 -7.865598 0.99958831
Car -1 -1 -7.3219 115.9310 184.0195 256.5532 237.8891 1.407753 1.639843 4.127038 -12.074280 1.376650 20.855051 -7.846658 0.99728501
Car -1 -1 -7.1533 0.0000 190.4959 165.5737 328.6472 1.407348 1.676155 4.305206 -8.144986 1.494137 9.640908 -7.854836 0.97039121
Car -1 -1 -7.7464 640.5284 185.1171 678.2784 213.4758 1.475411 1.653218 3.975563 2.853470 1.470440 39.503277 -7.674298 0.48391744
Car -1 -1 -5.4495 0.0000 187.9977 194.6214 375.0000 1.671195 1.703263 4.723508 -5.691893 1.693593 4.812928 -6.318371 0.28078640
Car -1 -1 -6.9117 0.0000 202.7835 192.2324 375.0000 1.440772 1.680783 4.135047 -4.666808 1.595665 4.188691 -7.751012 0.27954018
Car -1 -1 -5.6881 3.6458 176.9337 102.8049 205.6804 1.414093 1.576484 3.717344 -27.945869 1.006848 36.262684 -6.344694 0.20057224
Car -1 -1 -5.0339 0.0000 200.6517 190.2329 375.0000 1.498572 1.597913 4.104158 -5.517679 1.661968 5.918572 -5.784239 0.11077990
Car -1 -1 -2.3621 0.0000 157.6978 144.0525 304.8541 1.809092 1.822187 4.929465 -9.407597 1.470953 9.781897 -3.127999 0.10492996
