Car -1 -1 -8.0062 663.9373 182.0924 746.5321 249.1499 1.588399 1.648146 3.610796 2.411399 1.860198 19.423218 -7.882677 0.99962056
Car -1 -1 -4.5762 460.7467 193.9175 538.6895 257.1822 1.409896 1.555462 3.659497 -2.877228 2.022178 19.144590 -4.725338 0.99721742
Car -1 -1 -4.1533 0.0000 204.6347 396.0251 374.0000 1.424848 1.738041 4.521400 -2.763028 1.707334 4.134528 -4.742388 0.95755774
Car -1 -1 -4.6470 540.5314 186.5830 572.3647 214.5889 1.527645 1.645800 4.196996 -3.219713 2.395616 43.527424 -4.720802 0.89864397
Car -1 -1 -5.1818 815.9684 177.2579 1241.0000 374.0000 1.567736 1.571040 3.389671 2.683712 1.609528 5.195803 -4.705043 0.77257907
Car -1 -1 -7.9633 647.7485 183.4756 696.7517 224.9953 1.465817 1.515146 3.540178 2.326759 1.906681 28.178894 -7.880887 0.35755849
Car -1 -1 -7.9998 637.5349 177.8056 676.7170 213.9728 1.998203 1.690145 4.342567 2.696563 2.306331 42.709633 -7.936707 0.24314743
Car -1 -1 -4.7468 541.3262 186.7117 570.4123 214.2164 1.582468 1.692670 4.422306 -3.535907 2.511819 46.113441 -4.823357 0.14801650
Pedestrian -1 -1 -8.1182 781.0391 187.9959 813.8131 259.9857 1.558873 0.575946 0.563198 4.105201 1.900959 16.029797 -7.867520 0.29222375
Cyclist -1 -1 -5.0488 775.3557 184.8412 824.4937 262.0831 1.593857 0.569441 1.527288 4.112152 1.871031 15.916987 -4.795986 0.13184154
