Car -1 -1 -7.5944 311.2493 173.8186 494.7091 317.2849 1.707219 1.603522 3.760650 -2.827432 1.723465 10.494647 -7.857558 0.99982786
Car -1 -1 -4.1024 0.0000 198.7888 163.7655 281.8065 1.535844 1.683813 4.055423 -12.418015 2.208939 16.682688 -4.742327 0.99816126
Car -1 -1 -4.5983 458.5626 183.8005 484.7755 203.6823 1.474125 1.612103 4.101766 -11.093219 2.384513 57.922260 -4.787567 0.69280314
Car -1 -1 -7.8581 591.3484 177.6999 616.6523 203.2260 1.580149 1.591279 3.663860 -0.436098 1.909269 47.207413 -7.867371 0.29997495
Pedestrian -1 -1 -3.8760 661.6802 168.5283 698.8746 233.2174 1.767411 0.685853 0.778498 1.918602 1.648924 20.221052 -3.781441 0.56114411
Pedestrian -1 -1 -5.9840 710.0472 158.0343 762.2487 243.0206 1.816776 0.562147 1.013562 2.728915 1.499671 15.904344 -5.814049 0.43662494
Pedestrian -1 -1 -6.3012 697.7940 156.3473 742.0970 237.7332 1.875920 0.675876 1.013652 2.533912 1.495145 17.031857 -6.153508 0.25861427
Pedestrian -1 -1 -6.2371 688.2661 156.6178 731.6160 236.0402 1.880051 0.589273 1.014714 2.373015 1.495415 17.461119 -6.102046 0.23377734
Pedestrian -1 -1 -5.8428 698.1454 160.5319 742.9988 235.3059 1.835455 0.639936 0.937854 2.744025 1.532689 18.238073 -5.693502 0.20267762
Pedestrian -1 -1 -5.9132 698.3835 159.0982 744.0568 236.5915 1.860615 0.653915 0.944488 2.700589 1.530039 17.842583 -5.762943 0.16692553
Pedestrian -1 -1 -5.8094 697.9346 161.8352 739.5256 234.2379 1.819239 0.615876 0.878358 2.757333 1.542073 18.635752 -5.662501 0.15482110
Pedestrian -1 -1 -3.9358 662.9367 167.9318 701.4501 232.6908 1.731270 0.694163 0.795084 1.931821 1.599380 19.810961 -3.838627 0.15307541
Pedestrian -1 -1 -6.2445 704.0257 156.9202 749.4169 238.9982 1.845158 0.642693 1.010764 2.645700 1.486658 16.634363 -6.086734 0.14311208
Pedestrian -1 -1 -5.5355 1145.6277 136.5272 1208.0575 254.6541 1.858239 0.567828 0.556225 9.103323 1.286487 11.670361 -4.873042 0.11749001
Pedestrian -1 -1 -3.4064 664.2629 168.4845 697.1805 231.3877 1.762893 0.626918 0.797586 1.963799 1.640136 20.597780 -3.311384 0.11563792
Cyclist -1 -1 -6.5212 691.4512 157.0004 775.5421 243.5351 1.882130 0.611977 1.749109 2.682691 1.537014 16.062037 -6.355753 0.26969332
Cyclist -1 -1 -8.0307 708.7806 158.9969 753.6811 243.9420 1.821254 0.684380 1.838490 2.673935 1.523852 16.394323 -7.869021 0.11434479
