Car -1 -1 -4.4475 404.0291 183.6575 456.6912 212.9426 1.398825 1.697592 4.015617 -9.423506 1.997607 37.985256 -4.690650 0.98733819
Car -1 -1 -7.8924 598.3727 175.1167 626.5211 200.4158 1.510671 1.615680 3.855364 0.082486 1.658849 45.390594 -7.890557 0.75826359
Car -1 -1 -4.1864 77.5125 194.8801 260.2471 271.2332 1.367837 1.646143 4.070679 -9.668417 1.923093 16.152840 -4.725803 0.37795934
Pedestrian -1 -1 -4.1935 725.2216 159.7319 779.3731 269.7751 1.687384 0.613240 0.636798 2.215427 1.485872 11.505240 -4.003232 0.66747391
Pedestrian -1 -1 -6.5768 830.2232 141.3051 933.0285 308.9172 1.754211 0.524370 0.931208 2.873509 1.423724 7.840128 -6.225521 0.64420402
Pedestrian -1 -1 -6.4911 760.1499 144.3568 840.2213 288.1301 1.835874 0.543535 0.924911 2.432768 1.471687 9.504733 -6.240504 0.59396088
Pedestrian -1 -1 -2.8484 786.3752 145.9275 868.8801 277.3843 1.808651 0.605778 1.014638 3.097364 1.437882 10.458955 -2.560488 0.32378653
Pedestrian -1 -1 -2.8599 775.4651 138.8849 864.3043 281.9156 1.881972 0.569929 1.069568 2.855777 1.434712 10.019158 -2.582277 0.17222987
Pedestrian -1 -1 -6.1641 829.0894 138.6806 930.8494 311.1193 1.834272 0.511239 1.023477 2.986326 1.470462 8.135153 -5.812249 0.13624948
Pedestrian -1 -1 -3.4702 786.9050 146.7121 858.3410 270.7428 1.838126 0.565580 0.908813 3.172327 1.450404 10.997300 -3.189371 0.11600573
Cyclist -1 -1 -8.5477 776.6747 149.4882 874.5582 272.5735 1.915578 0.574658 1.766542 3.530028 1.551635 12.153802 -8.265007 0.11705661
Cyclist -1 -1 -8.5462 766.5221 146.9150 871.2125 272.8776 1.891301 0.582909 1.858585 3.308211 1.501532 11.801213 -8.272907 0.10287394
