Car -1 -1 -4.4300 452.5544 173.0516 552.5295 236.6821 1.538289 1.648684 3.886909 -2.580848 1.334580 19.410894 -4.562217 0.96702844
Pedestrian -1 -1 -4.7673 491.2906 162.2148 548.1729 305.2907 1.753863 0.675988 0.940881 -1.125309 1.518139 9.327641 -4.887345 0.96162093
Pedestrian -1 -1 -4.7807 708.7075 159.7110 760.7806 295.9865 1.782146 0.640982 0.809098 1.760971 1.497869 9.831044 -4.603430 0.89695036
Pedestrian -1 -1 -5.4558 849.1169 148.3027 1001.1382 373.0000 1.759595 0.612795 0.766329 2.188725 1.548802 5.039845 -5.046085 0.85156566
Pedestrian -1 -1 -8.3237 565.6112 150.9070 625.7938 269.7152 1.839291 0.633725 0.904148 -0.148698 1.366314 11.668148 -8.336431 0.79140633
Pedestrian -1 -1 -4.3251 793.2219 153.5258 889.7964 350.0310 1.684280 0.614480 0.743323 2.172269 1.445232 6.639149 -4.008924 0.61103183
Pedestrian -1 -1 -8.5924 616.3411 160.6794 712.2941 337.8174 1.776220 0.621168 0.841954 0.616090 1.568151 7.725983 -8.512851 0.37569600
Pedestrian -1 -1 -5.6921 644.9438 157.8564 724.0186 303.6130 1.765563 0.629625 0.789056 1.013851 1.479846 9.196286 -5.582303 0.24598303
Pedestrian -1 -1 -4.8610 650.8919 163.8755 669.2816 209.6994 1.808828 0.649568 0.594615 2.317484 1.113475 28.673824 -4.780307 0.18844314
Pedestrian -1 -1 -3.8669 816.1888 153.8760 851.2044 230.7104 1.871443 0.614063 0.563708 5.744742 1.199142 17.890921 -3.556220 0.13840854
Pedestrian -1 -1 -3.0121 699.1603 154.3480 770.4705 284.0508 1.834086 0.578358 0.968125 1.924411 1.450794 10.580599 -2.832145 0.11545146
Cyclist -1 -1 -4.2347 619.0663 160.0626 733.9548 328.2552 1.853535 0.644444 1.823657 0.923205 1.617982 8.855218 -4.130859 0.37815160
Cyclist -1 -1 -4.1673 593.0502 159.9273 729.1576 348.9492 1.837939 0.645565 1.818686 0.658355 1.628888 7.910119 -4.084234 0.35818860
