Car -1 -1 -8.1362 630.9406 169.8063 726.6615 227.7893 1.521223 1.661505 4.183955 1.841418 1.440966 21.143482 -8.049324 0.99978131
Car -1 -1 -3.3888 843.0642 168.4613 1085.2069 255.7021 1.519490 1.628731 3.846778 6.492324 1.442682 13.737580 -2.947281 0.99268842
Car -1 -1 -8.0321 559.3105 169.7417 604.7039 200.4399 1.431605 1.586402 3.781191 -1.476725 1.286165 35.666759 -8.073463 0.98783815
Car -1 -1 -4.0341 1172.2098 115.5648 1241.0000 343.3916 2.190646 2.004374 5.806807 9.816507 1.639487 7.946363 -3.143765 0.17602439
Car -1 -1 -7.1808 1199.5608 120.4619 1241.0000 319.7632 2.321685 2.095564 5.866852 11.476546 1.711063 9.507644 -6.301857 0.11477481
Car -1 -1 -4.1589 1173.4843 113.4567 1241.0000 374.0000 2.098935 2.057387 5.474179 7.036689 1.811083 4.588074 -3.165929 0.11030571
Pedestrian -1 -1 -7.9263 701.2344 157.5565 716.5398 197.9624 1.768877 0.628589 0.585647 4.325791 1.098888 31.899107 -7.791478 0.15982807
Pedestrian -1 -1 -6.8947 698.9793 157.8754 717.7231 197.8808 1.768827 0.573402 0.612917 4.358546 1.106253 32.297993 -6.760565 0.11308047
Cyclist -1 -1 -7.6826 439.0488 162.2272 463.7938 209.1867 1.823622 0.665684 1.858350 -6.393888 1.410642 28.963604 -7.899864 0.87738281
Cyclist -1 -1 -4.9192 698.8013 159.4984 718.0402 198.8342 1.710951 0.511255 1.695060 4.345254 1.129736 32.247929 -4.785264 0.12048399
