Pedestrian -1 -1 -5.0890 694.4814 161.3220 751.4923 275.2836 1.762178 0.642962 0.828573 1.901150 1.450808 11.580645 -4.926312 0.64272344
Pedestrian -1 -1 -5.1896 640.6997 159.9026 699.4910 276.7102 1.800105 0.635952 0.815899 1.050026 1.467911 11.567904 -5.099115 0.59347618
Pedestrian -1 -1 -8.0226 738.0464 156.3242 763.5797 216.7569 1.845812 0.667079 0.694088 4.601182 1.077317 22.298780 -7.819124 0.26571158
Pedestrian -1 -1 -8.5956 643.0996 159.9034 706.5418 278.4635 1.756292 0.623485 0.766220 1.086522 1.437018 11.134613 -8.498334 0.24117659
Pedestrian -1 -1 -5.5706 349.1065 184.6384 408.9662 270.4054 1.454652 0.512737 0.884578 -3.949704 1.512213 12.624541 -5.873800 0.13668154
Pedestrian -1 -1 -7.9537 735.1812 157.5972 758.7462 216.8869 1.848075 0.661713 0.722971 4.580431 1.103467 22.783014 -7.755344 0.13285393
Pedestrian -1 -1 -5.5823 336.5245 182.5531 403.3697 271.1731 1.456163 0.500754 0.994147 -3.983990 1.475324 12.232289 -5.897202 0.13056313
Pedestrian -1 -1 -5.5002 350.1600 185.4629 407.3725 270.3646 1.481832 0.500987 0.896277 -4.074091 1.556551 13.006345 -5.803735 0.12987693
Pedestrian -1 -1 -2.9254 689.7952 159.0857 751.2138 268.8378 1.796729 0.561280 0.931078 1.980552 1.430418 12.192088 -2.764390 0.10409718
Cyclist -1 -1 -4.6471 562.9999 166.6618 585.8104 230.5650 1.794152 0.557915 1.770474 -0.809832 1.378038 21.060461 -4.685513 0.94249755
Cyclist -1 -1 -4.5688 493.1258 168.9413 532.0748 257.0039 1.789099 0.586981 1.797990 -1.931828 1.534535 15.498428 -4.692819 0.77974910
Cyclist -1 -1 -4.5908 525.2812 163.0447 549.7987 220.2892 1.796845 0.594420 1.728736 -2.096569 1.217997 23.421299 -4.680115 0.74782604
Cyclist -1 -1 -4.9422 733.1795 156.8507 766.9993 217.8124 1.818888 0.639486 1.758536 4.569132 1.083901 22.320484 -4.740262 0.23096815
