Car -1 -1 -4.7273 430.9550 174.7354 465.0075 202.9469 1.428183 1.692853 4.301342 -8.505865 1.136511 38.082348 -4.947018 0.97979856
Car -1 -1 -7.1176 0.0000 195.5433 297.3747 369.0000 1.487406 1.599907 3.681526 -3.184386 1.601672 3.508784 -7.854539 0.73416120
Car -1 -1 -3.9550 0.0000 183.2563 102.0125 369.0000 1.631654 1.686353 4.152072 -5.978253 1.660966 5.267282 -4.803521 0.22641155
Car -1 -1 -4.3767 432.0820 180.6385 470.0637 200.7391 1.652768 1.684232 4.843669 -13.133601 1.665045 60.676609 -4.589844 0.10598519
Pedestrian -1 -1 -8.6841 1050.6403 140.4927 1086.2522 213.2721 1.811276 0.565291 0.505164 11.694521 0.815930 17.911486 -8.105691 0.46852750
Pedestrian -1 -1 -6.1074 1105.0229 140.3400 1128.9818 212.8936 1.807864 0.512349 0.409887 12.952683 0.807495 17.943449 -5.482132 0.23421785
Pedestrian -1 -1 -5.9073 1150.5498 151.8980 1196.0999 238.1552 1.741962 0.551737 0.574330 11.738519 1.164701 14.665121 -5.232326 0.19832917
Pedestrian -1 -1 -7.6174 1163.1038 148.4945 1197.1570 219.2650 1.746236 0.548841 0.569193 14.466425 0.956838 17.837029 -6.935966 0.14183006
Pedestrian -1 -1 -3.6490 1097.5266 141.7701 1146.6439 225.8631 1.846614 0.560918 0.703709 11.534344 0.996481 15.847363 -3.019788 0.12570338
Pedestrian -1 -1 -5.1155 877.0566 155.1623 898.5540 200.5801 1.965833 0.680134 0.628110 12.340318 0.869336 30.925350 -4.735872 0.11299250
Pedestrian -1 -1 -3.1710 1116.7675 141.3523 1136.2180 213.3564 1.805708 0.482540 0.383911 13.259286 0.824291 18.038887 -2.537179 0.10955546
Pedestrian -1 -1 -8.4590 1051.5001 135.4350 1089.7721 209.4627 1.810917 0.566297 0.577728 11.535993 0.708834 17.592077 -7.878564 0.10562477
Cyclist -1 -1 -7.2365 1146.3289 151.5165 1220.4967 223.2589 1.763701 0.567120 1.711563 14.585432 1.051502 17.882818 -6.552276 0.39660820
Cyclist -1 -1 -5.0185 875.5589 156.0827 899.5538 198.1325 1.798135 0.554924 1.474704 12.347384 0.754207 30.990509 -4.639336 0.11192133
