Car -1 -1 -8.1047 714.3782 183.3315 852.7626 282.0408 1.514792 1.597343 3.506136 2.961901 1.732352 13.226411 -7.884404 0.99822432
Car -1 -1 -3.2635 702.9163 175.5349 811.2997 215.9128 1.657497 1.719509 4.347232 6.154503 1.775338 30.775625 -3.066119 0.97126019
Car -1 -1 -2.9772 252.6617 175.9682 427.8143 246.5461 1.578816 1.654042 3.734127 -6.418031 1.658660 17.406075 -3.330428 0.95235968
Car -1 -1 -7.9307 632.5652 160.3965 678.7847 206.7664 2.389389 2.105241 5.765298 2.407704 1.747170 40.079880 -7.870679 0.85647690
Car -1 -1 -5.6888 22.4355 185.0237 350.7168 297.3838 1.452542 1.563358 3.897165 -6.037672 1.643831 10.442729 -6.212965 0.76750791
Car -1 -1 -5.9066 347.9752 175.8318 484.2253 231.8688 1.744312 1.681099 3.970777 -6.341656 1.845934 23.634584 -6.168715 0.67069274
Car -1 -1 -2.6213 175.3438 184.1622 400.7914 271.1091 1.427012 1.521158 3.410825 -5.771081 1.645318 13.016534 -3.038578 0.56557572
Car -1 -1 -2.2895 0.0000 179.5178 235.3215 341.2982 1.511581 1.573685 3.382927 -6.215389 1.594448 7.918116 -2.955016 0.49933010
Car -1 -1 -5.3756 0.0000 188.0131 169.8705 374.0000 1.510394 1.623573 4.339993 -6.179132 1.651917 5.754090 -6.196604 0.38498428
Car -1 -1 -3.9433 1228.7255 185.6660 1241.0000 249.3674 1.607023 1.769253 4.216781 19.514626 1.969079 19.489305 -3.157302 0.17344157
Car -1 -1 -2.9579 420.2514 177.5745 514.9800 210.2600 1.453830 1.588392 4.047901 -6.529070 1.675714 33.145298 -3.152414 0.16464064
Car -1 -1 -8.6034 768.9412 183.8737 915.1377 242.9859 1.414677 1.568811 4.011631 6.302726 1.755935 20.216433 -8.301189 0.15854199
Car -1 -1 -4.8240 631.3406 160.6421 689.2838 211.7474 2.347961 2.198473 6.231336 2.369188 1.786602 36.313354 -4.758848 0.12737921
Car -1 -1 -3.9706 788.5905 185.9610 918.4362 238.5872 1.435032 1.618463 3.819659 7.435946 1.866190 22.119789 -3.646254 0.10031074
