Car -1 -1 -4.6004 445.9380 177.7076 478.8877 199.8794 1.400696 1.705519 4.396304 -9.970669 1.744172 48.840324 -4.801764 0.98585653
Car -1 -1 -7.5161 164.5194 162.1947 462.0336 374.0000 1.754300 1.644833 3.753830 -2.801128 1.669354 7.618429 -7.868467 0.97493005
Pedestrian -1 -1 -6.5031 735.5155 153.7957 790.9869 247.7952 1.715266 0.525293 0.916171 2.789928 1.367198 13.435892 -6.298334 0.41464293
Pedestrian -1 -1 -6.4145 695.6464 151.3394 743.7568 239.1452 1.850223 0.516976 0.958506 2.290452 1.396573 15.470010 -6.267560 0.38102159
Pedestrian -1 -1 -3.0921 711.4907 152.9724 761.4047 244.6496 1.816926 0.524660 0.976023 2.521506 1.422598 14.662375 -2.921811 0.33437577
Pedestrian -1 -1 -6.2323 708.3043 151.7579 755.4159 240.9335 1.820325 0.520127 0.947528 2.499536 1.389395 15.083831 -6.068058 0.32287773
Pedestrian -1 -1 -6.2219 722.6851 153.0518 775.9078 247.1336 1.807849 0.515119 1.003196 2.699885 1.427036 14.237936 -6.034536 0.30142990
Pedestrian -1 -1 -4.1984 678.8541 155.6677 717.8503 234.2683 1.821766 0.639435 0.747890 2.059243 1.423131 17.214083 -4.079293 0.23566753
Pedestrian -1 -1 -4.7785 728.6690 152.7326 762.6355 233.7420 1.819486 0.712473 0.863189 3.072077 1.367256 16.675800 -4.596351 0.22037809
Pedestrian -1 -1 -5.8033 718.4165 151.5462 773.8309 238.1299 1.860421 0.574295 1.067266 2.973263 1.402281 16.058414 -5.620217 0.19042009
Pedestrian -1 -1 -5.9592 709.1146 150.5053 763.3551 239.2282 1.886055 0.543436 1.054448 2.716156 1.410670 15.827494 -5.789293 0.18714689
Pedestrian -1 -1 -5.8206 723.9756 153.1153 775.9623 241.4518 1.805160 0.493625 0.957615 2.898388 1.401499 15.231053 -5.632533 0.15720592
Pedestrian -1 -1 -3.2163 678.1918 153.8860 717.2087 233.2007 1.821779 0.562536 0.864049 1.990824 1.385803 16.872478 -3.098819 0.14611369
Pedestrian -1 -1 -6.4696 727.7866 151.4578 785.6641 247.5820 1.800330 0.530199 1.000711 2.738361 1.399297 13.783750 -6.273531 0.11057332
Cyclist -1 -1 -2.7900 705.8594 154.8884 805.3402 253.2382 1.735125 0.587600 1.716825 2.641947 1.417869 13.426401 -2.595722 0.43625438
Cyclist -1 -1 -8.3407 711.3494 149.3316 770.8995 232.6578 1.900734 0.664829 1.749362 3.079168 1.363869 17.393286 -8.165517 0.20969246
