Car -1 -1 -6.5920 735.3183 188.5315 958.3608 272.9092 1.457567 1.625778 3.664218 4.281660 1.770310 13.587995 -6.286752 0.99914217
Car -1 -1 -2.6406 96.9127 186.6074 346.4747 270.9505 1.522015 1.669821 4.006035 -7.533543 1.807988 14.159644 -3.129541 0.98227388
Car -1 -1 -5.5989 0.0000 179.8610 206.8876 321.2780 1.608435 1.693525 4.270977 -7.801871 1.705956 9.183887 -6.303146 0.93434465
Car -1 -1 -2.5825 217.7773 170.6976 374.8943 247.6017 1.939532 1.654211 3.506816 -8.369467 1.884846 19.276234 -2.992139 0.67959476
Car -1 -1 -6.3672 697.5196 191.9104 889.9451 266.2166 1.435322 1.618566 3.840616 3.799876 1.875857 15.595509 -6.128241 0.26455384
Car -1 -1 -8.0847 452.4274 185.2046 485.9120 210.0559 1.640138 1.623865 3.278052 -10.063695 2.548632 51.265011 -8.278581 0.23085751
Car -1 -1 -7.5935 1171.9762 182.6530 1241.0000 374.0000 1.488601 1.635783 4.073672 4.931919 1.556752 3.551530 -6.646772 0.14628716
Car -1 -1 -4.8078 320.9691 190.8527 381.1392 238.0258 1.357991 1.552181 3.580344 -8.789133 2.010230 24.209234 -5.156026 0.11970571
Car -1 -1 -2.4385 0.0000 185.5459 61.8155 374.0000 1.588282 1.746356 4.269509 -8.032893 1.727415 6.700203 -3.314065 0.11659893
Pedestrian -1 -1 -7.5025 1189.9011 146.6816 1241.0000 374.0000 1.718422 0.676177 0.712431 3.294244 1.609912 3.443631 -6.739259 0.10041317
Cyclist -1 -1 -3.9875 1100.8334 156.5603 1241.0000 374.0000 1.731469 0.706536 1.803831 3.357826 1.664252 3.372311 -3.204206 0.14918557
