Car -1 -1 -4.4536 475.6914 183.8471 566.4922 244.1886 1.440928 1.580817 3.704717 -2.391407 1.773169 19.882385 -4.573327 0.99927300
Car -1 -1 -4.5583 629.6876 178.4573 668.1273 203.5646 1.389995 1.668161 4.238465 2.344013 1.742573 43.194328 -4.504117 0.96859801
Car -1 -1 -3.9140 0.0000 211.1473 217.8860 374.0000 1.377403 1.711123 4.325125 -4.137918 1.696972 3.844863 -4.736100 0.87327802
Car -1 -1 -4.4951 677.6092 175.5273 709.9367 195.2371 1.483334 1.685433 4.171782 6.646992 1.703131 57.158203 -4.379327 0.29788306
Car -1 -1 -7.4862 765.0730 172.3894 807.9474 193.6344 1.524159 1.753505 4.113197 13.204717 1.490527 53.953392 -7.246153 0.26757208
Car -1 -1 -2.2932 0.0000 215.8159 217.4075 374.0000 1.523516 1.628046 4.422833 -5.528586 1.885589 5.200702 -3.109167 0.14088733
Pedestrian -1 -1 -8.8238 723.2348 164.2771 774.6404 259.9740 1.779808 0.620415 0.754486 2.622237 1.619992 13.905636 -8.637374 0.50136721
Pedestrian -1 -1 -5.7368 721.6948 163.6947 776.3031 258.1658 1.822576 0.638204 0.868919 2.727939 1.645571 14.448054 -5.550179 0.46143541
Pedestrian -1 -1 -5.8752 727.8812 164.3202 775.5487 254.9271 1.821850 0.630994 0.786935 2.892501 1.649960 14.990456 -5.684582 0.11521690
Cyclist -1 -1 -7.4315 711.5228 167.1236 781.8687 262.5804 1.789657 0.682640 1.874887 2.720218 1.681922 14.492070 -7.245998 0.13939533
