Car -1 -1 -7.8696 595.4330 175.6620 638.0165 216.5688 1.561708 1.641652 3.758324 0.197436 1.684300 29.691723 -7.862930 0.99979359
Car -1 -1 -7.4892 839.4749 170.5809 1078.9347 308.1037 1.493918 1.635537 3.835734 4.777263 1.468926 9.743901 -7.033359 0.98501009
Car -1 -1 -7.3962 745.2154 177.1928 937.8134 268.2933 1.377826 1.611811 4.291581 4.314535 1.469583 13.210880 -7.080503 0.97310692
Car -1 -1 -7.1825 684.5630 172.4010 798.1285 223.4816 1.562358 1.656474 3.882635 4.367651 1.548202 23.970991 -7.002311 0.95510542
Car -1 -1 -7.2219 696.0746 174.3695 830.6956 233.4497 1.497031 1.646873 4.032186 4.342027 1.543561 20.339983 -7.011629 0.94870079
Car -1 -1 -4.0214 0.0000 188.1978 57.2202 328.6897 1.500170 1.702356 4.438644 -10.486974 1.771719 10.494126 -4.806469 0.93450409
Car -1 -1 -4.5680 513.3971 179.9636 539.9614 199.3846 1.378219 1.475314 3.708111 -6.283144 1.932932 54.452106 -4.682909 0.93041110
Car -1 -1 -7.6693 966.1777 164.0047 1241.0000 374.0000 1.469146 1.570214 3.594222 4.564097 1.413788 6.295442 -7.041970 0.89731312
Car -1 -1 -7.3470 713.8020 168.4570 862.0087 249.7324 1.648634 1.647897 3.844499 4.128480 1.559143 16.603695 -7.103295 0.88216126
Car -1 -1 -7.1402 656.0582 173.4860 721.2668 200.2402 1.481452 1.612283 3.898459 4.571365 1.519587 41.961315 -7.031732 0.81233841
Car -1 -1 -7.1609 676.7816 173.1854 758.6594 209.5206 1.492048 1.602199 3.598733 4.687727 1.507022 31.458269 -7.012948 0.75709349
Car -1 -1 -7.1242 645.6614 173.6494 702.4966 195.9026 1.469468 1.628817 4.036561 4.418344 1.526196 49.760872 -7.035605 0.59113467
Car -1 -1 -7.8402 647.4546 171.1806 669.1538 193.1712 1.774999 1.749762 4.520171 4.058122 1.639628 60.562950 -7.773326 0.19746584
Car -1 -1 -3.9990 0.0000 189.3113 27.5548 267.8579 1.442720 1.575195 4.071361 -15.481421 1.859035 16.193493 -4.761914 0.17485988
Car -1 -1 -3.9518 0.0000 189.6832 29.2707 292.5733 1.534807 1.588545 4.292348 -13.514795 1.902895 13.632361 -4.732843 0.10790239
Cyclist -1 -1 -4.2132 0.0000 176.1098 36.0628 252.0426 1.727264 0.540920 1.797317 -14.741076 1.809824 17.427917 -4.915300 0.12794392
